t	V	DV/V0 in %
0.01	54	-1.89309e-07
0.02	54	-5.94574e-06
0.03	54	-1.52192e-05
0.04	54	2.49356e-07
0.05	54.0001	0.000113212
0.06	54.0002	0.00043848
0.07	54.0006	0.00110727
0.08	54.0012	0.00223866
0.09	54.0021	0.00393054
0.1	54.0034	0.00627351
0.11	54.0051	0.00937268
0.12	54.0072	0.0133591
0.13	54.0099	0.018382
0.14	54.0133	0.0245858
0.15	54.0173	0.0320873
0.16	54.0221	0.0409643
0.17	54.0277	0.0512622
0.18	54.034	0.0630132
0.19	54.0412	0.0762598
0.2	54.0492	0.0910717
0.21	54.0581	0.107546
0.22	54.0679	0.125787
0.23	54.0788	0.145881
0.24	54.0906	0.16786
0.25	54.1035	0.191694
0.26	54.1173	0.217303
0.27	54.1321	0.24459
0.28	54.1477	0.273498
0.29	54.1642	0.304058
0.3	54.1817	0.336417
0.31	54.2003	0.370859
0.32	54.2202	0.407788
0.33	54.2418	0.44771
0.34	54.2653	0.491204
0.35	54.291	0.538901
0.36	54.3194	0.591469
0.37	54.3508	0.649591
0.38	54.3855	0.713951
0.39	54.424	0.785201
0.4	54.4665	0.863923
0.41	54.5133	0.95059
0.42	54.5646	1.04553
0.43	54.6204	1.14891
0.44	54.6808	1.26071
0.45	54.7456	1.38078
0.46	54.8148	1.50882
0.47	54.888	1.6444
0.48	54.965	1.78704
0.49	55.0455	1.93614
0.5	55.1292	2.09106
0.51	55.2156	2.2511
0.52	55.3044	2.4155
0.53	55.3951	2.58348
0.54	55.4873	2.75422
0.55	55.5805	2.9269
0.56	55.6744	3.10071
0.57	55.7684	3.27481
0.58	55.8622	3.44843
0.59	55.9552	3.62077
0.6	56.0472	3.79106
0.61	56.1376	3.95854
0.62	56.2261	4.12248
0.63	56.3124	4.28217
0.64	56.3959	4.43694
0.65	56.4765	4.58616
0.66	56.5538	4.72924
0.67	56.6275	4.86569
0.68	56.6973	4.99505
0.69	56.7632	5.11698
0.7	56.8249	5.23121
0.71	56.8823	5.33756
0.72	56.9354	5.43596
0.73	56.9843	5.5264
0.74	57.0289	5.60901
0.75	57.0693	5.68397
0.76	57.1058	5.75156
0.77	57.1386	5.81214
0.78	57.1677	5.86615
0.79	57.1936	5.91408
0.8	57.2165	5.95648
0.81	57.2367	5.99389
0.82	57.2545	6.02689
0.83	57.2702	6.05598
0.84	57.2841	6.08164
0.85	57.2963	6.10424
0.86	57.307	6.12407
0.87	57.3163	6.1413
0.88	57.3242	6.15598
0.89	57.3307	6.16801
0.9	57.3357	6.17719
0.91	57.3389	6.18318
0.92	57.3402	6.18552
0.93	57.3392	6.18369
0.94	57.3356	6.17707
0.95	57.3291	6.165
0.96	57.3193	6.14683
0.97	57.3058	6.1219
0.98	57.2884	6.08958
0.99	57.2666	6.04929
1	57.2403	6.00056
1.01	57.2092	5.94294
1.02	57.1731	5.87612
1.03	57.1319	5.79986
1.04	57.0856	5.71402
1.05	57.034	5.61854
1.06	56.9773	5.51349
1.07	56.9154	5.39898
1.08	56.8486	5.27521
1.09	56.7769	5.14246
1.1	56.7006	5.00105
1.11	56.6197	4.85136
1.12	56.5347	4.69381
1.13	56.4456	4.52885
1.14	56.3528	4.35697
1.15	56.2565	4.17866
1.16	56.157	3.99445
1.17	56.0546	3.80486
1.18	55.9496	3.61041
1.19	55.8423	3.41161
1.2	55.7328	3.20896
1.21	55.6216	3.00293
1.22	55.5087	2.79396
1.23	55.3945	2.58247
1.24	55.2792	2.36882
1.25	55.1628	2.15334
1.26	55.0456	1.9363
1.27	54.9277	1.71792
1.28	54.8091	1.4984
1.29	54.69	1.27785
1.3	54.5704	1.05635
1.31	54.4503	0.833956
1.32	54.3298	0.610656
1.33	54.2087	0.386422
1.34	54.0871	0.161202
1.35	53.9649	-0.0650744
1.36	53.8421	-0.292485
1.37	53.7186	-0.521106
1.38	53.5945	-0.751001
1.39	53.4696	-0.982214
1.4	53.344	-1.21476
1.41	53.2178	-1.44861
1.42	53.0908	-1.6837
1.43	52.9632	-1.91992
1.44	52.8352	-2.15707
1.45	52.7067	-2.39494
1.46	52.5781	-2.63321
1.47	52.4494	-2.87154
1.48	52.3209	-3.10949
1.49	52.1928	-3.3466
1.5	52.0656	-3.58231
1.51	51.9393	-3.81604
1.52	51.8145	-4.04715
1.53	51.6915	-4.27495
1.54	51.5707	-4.49875
1.55	51.4524	-4.71779
1.56	51.3371	-4.93134
1.57	51.2251	-5.13863
1.58	51.117	-5.33893
1.59	51.013	-5.5315
1.6	50.9136	-5.71562
1.61	50.8191	-5.89063
1.62	50.7298	-6.05588
1.63	50.6462	-6.21078
1.64	50.5684	-6.35479
1.65	50.4968	-6.48742
1.66	50.4316	-6.60824
1.67	50.3729	-6.71687
1.68	50.321	-6.813
1.69	50.276	-6.89637
1.7	50.2379	-6.96678
1.71	50.207	-7.02406
1.72	50.1832	-7.06813
1.73	50.1666	-7.09893
1.74	50.1571	-7.11644
1.75	50.1548	-7.12072
1.76	50.1596	-7.11181
1.77	50.1715	-7.08983
1.78	50.1904	-7.0549
1.79	50.2161	-7.00718
1.8	50.2487	-6.94684
1.81	50.288	-6.87408
1.82	50.3339	-6.78909
1.83	50.3863	-6.69209
1.84	50.445	-6.5833
1.85	50.51	-6.46293
1.86	50.5811	-6.33122
1.87	50.6583	-6.18838
1.88	50.7413	-6.03463
1.89	50.8301	-5.87019
1.9	50.9246	-5.69528
1.91	51.0246	-5.51009
1.92	51.13	-5.31484
1.93	51.2407	-5.10972
1.94	51.3567	-4.89495
1.95	51.4778	-4.6707
1.96	51.6039	-4.43721
1.97	51.7349	-4.19466
1.98	51.8706	-3.94329
1.99	52.011	-3.68332
2	52.1559	-3.41501
2.01	52.3051	-3.13863
2.02	52.4586	-2.85447
2.03	52.6161	-2.56286
2.04	52.7774	-2.26415
2.05	52.9423	-1.95874
2.06	53.1106	-1.64705
2.07	53.282	-1.32956
2.08	53.4563	-1.00677
2.09	53.6332	-0.679213
2.1	53.8124	-0.347482
2.11	53.9934	-0.012188
2.12	54.1761	0.326022
2.13	54.3599	0.666473
2.14	54.5446	1.00846
2.15	54.7297	1.35127
2.16	54.9148	1.69416
2.17	55.0996	2.03638
2.18	55.2837	2.37717
2.19	55.4665	2.71577
2.2	55.6478	3.05143
2.21	55.827	3.38338
2.22	56.0039	3.7109
2.23	56.178	4.03324
2.24	56.3488	4.3497
2.25	56.5162	4.65959
2.26	56.6796	4.96223
2.27	56.8388	5.25699
2.28	56.9934	5.54325
2.29	57.143	5.82042
2.3	57.2875	6.08795
2.31	57.4265	6.34533
2.32	57.5597	6.59205
2.33	57.6869	6.82768
2.34	57.808	7.0518
2.35	57.9226	7.26403
2.36	58.0306	7.46403
2.37	58.1318	7.65149
2.38	58.2261	7.82615
2.39	58.3134	7.98777
2.4	58.3935	8.13615
2.41	58.4664	8.27112
2.42	58.532	8.39254
2.43	58.5902	8.5003
2.44	58.6409	8.59432
2.45	58.6843	8.67454
2.46	58.7201	8.74092
2.47	58.7485	8.79345
2.48	58.7694	8.83214
2.49	58.7828	8.85701
2.5	58.7888	8.86811
2.51	58.7874	8.8655
2.52	58.7786	8.84927
2.53	58.7625	8.81953
2.54	58.7392	8.77638
2.55	58.7088	8.71998
2.56	58.6713	8.6505
2.57	58.6268	8.5681
2.58	58.5754	8.47302
2.59	58.5174	8.36549
2.6	58.4527	8.24576
2.61	58.3816	8.11412
2.62	58.3043	7.9709
2.63	58.2209	7.81643
2.64	58.1316	7.6511
2.65	58.0367	7.4753
2.66	57.9363	7.28946
2.67	57.8308	7.09404
2.68	57.7203	6.88952
2.69	57.6053	6.67641
2.7	57.4858	6.45523
2.71	57.3623	6.22654
2.72	57.2351	5.9909
2.73	57.1044	5.7489
2.74	56.9706	5.50113
2.75	56.834	5.2482
2.76	56.695	4.99073
2.77	56.5538	4.72934
2.78	56.4109	4.46465
2.79	56.2665	4.19729
2.8	56.1211	3.92787
2.81	55.9748	3.65703
2.82	55.8281	3.38537
2.83	55.6813	3.1135
2.84	55.5347	2.84201
2.85	55.3886	2.57148
2.86	55.2433	2.30249
2.87	55.0992	2.03558
2.88	54.9565	1.77129
2.89	54.8155	1.51015
2.9	54.6764	1.25266
2.91	54.5396	0.999307
2.92	54.4053	0.750557
2.93	54.2737	0.506861
2.94	54.1451	0.268647
2.95	54.0196	0.0363259
2.96	53.8976	-0.189711
2.97	53.7791	-0.409091
2.98	53.6644	-0.621463
2.99	53.5537	-0.826493
3	53.4471	-1.02387
3.01	53.3448	-1.21329
3.02	53.247	-1.39448
3.03	53.1537	-1.56719
3.04	53.0652	-1.73118
3.05	52.9814	-1.88621
3.06	52.9027	-2.0321
3.07	52.8289	-2.16866
3.08	52.7603	-2.29571
3.09	52.6969	-2.41312
3.1	52.6388	-2.52075
3.11	52.586	-2.61851
3.12	52.5386	-2.70628
3.13	52.4966	-2.78401
3.14	52.4601	-2.85165
3.15	52.4291	-2.90916
3.16	52.4035	-2.95652
3.17	52.3834	-2.99375
3.18	52.3687	-3.02088
3.19	52.3595	-3.03794
3.2	52.3557	-3.04501
3.21	52.3572	-3.04217
3.22	52.3641	-3.02952
3.23	52.3761	-3.00718
3.24	52.3933	-2.97528
3.25	52.4156	-2.93399
3.26	52.4429	-2.88347
3.27	52.4751	-2.8239
3.28	52.512	-2.75549
3.29	52.5536	-2.67844
3.3	52.5998	-2.593
3.31	52.6503	-2.49938
3.32	52.7052	-2.39786
3.33	52.7641	-2.28868
3.34	52.8271	-2.17212
3.35	52.8938	-2.04847
3.36	52.9643	-1.91801
3.37	53.0382	-1.78104
3.38	53.1155	-1.63789
3.39	53.196	-1.48885
3.4	53.2795	-1.33427
3.41	53.3658	-1.17446
3.42	53.4547	-1.00977
3.43	53.5461	-0.840535
3.44	53.6398	-0.667118
3.45	53.7355	-0.489869
3.46	53.8331	-0.309152
3.47	53.9323	-0.125334
3.48	54.0331	0.0612138
3.49	54.1351	0.250115
3.5	54.2381	0.440989
3.51	54.3421	0.633452
3.52	54.4466	0.827119
3.53	54.5517	1.0216
3.54	54.6569	1.21651
3.55	54.7622	1.41145
3.56	54.8673	1.60605
3.57	54.9719	1.7999
3.58	55.076	1.99263
3.59	55.1793	2.18386
3.6	55.2815	2.37321
3.61	55.3826	2.56032
3.62	55.4822	2.74483
3.63	55.5803	2.92639
3.64	55.6765	3.10466
3.65	55.7708	3.27933
3.66	55.863	3.45007
3.67	55.953	3.61659
3.68	56.0405	3.77862
3.69	56.1254	3.93589
3.7	56.2076	4.08815
3.71	56.287	4.23519
3.72	56.3635	4.3768
3.73	56.4369	4.51278
3.74	56.5072	4.64297
3.75	56.5743	4.76723
3.76	56.6381	4.88543
3.77	56.6986	4.99746
3.78	56.7557	5.10323
3.79	56.8094	5.20266
3.8	56.8597	5.29571
3.81	56.9065	5.38233
3.82	56.9498	5.4625
3.83	56.9896	5.53622
3.84	57.0259	5.60349
3.85	57.0587	5.66432
3.86	57.0881	5.71875
3.87	57.1141	5.76681
3.88	57.1366	5.80856
3.89	57.1558	5.84404
3.9	57.1716	5.87333
3.91	57.1841	5.89649
3.92	57.1933	5.9136
3.93	57.1994	5.92474
3.94	57.2022	5.93001
3.95	57.2019	5.9295
3.96	57.1986	5.9233
3.97	57.1922	5.91152
3.98	57.1829	5.89427
3.99	57.1707	5.87165
4	57.1556	5.84379
4.01	57.1378	5.81079
4.02	57.1173	5.7728
4.03	57.0942	5.72992
4.04	57.0684	5.68229
4.05	57.0402	5.63004
4.06	57.0096	5.57331
4.07	56.9766	5.51223
4.08	56.9414	5.44694
4.09	56.9039	5.37759
4.1	56.8643	5.30432
4.11	56.8227	5.22727
4.12	56.7792	5.14659
4.13	56.7337	5.06241
4.14	56.6864	4.97488
4.15	56.6374	4.88415
4.16	56.5868	4.79035
4.17	56.5346	4.69362
4.18	56.4808	4.5941
4.19	56.4256	4.49192
4.2	56.3691	4.3872
4.21	56.3112	4.28009
4.22	56.2522	4.17069
4.23	56.1919	4.05913
4.24	56.1306	3.94552
4.25	56.0682	3.82998
4.26	56.0048	3.7126
4.27	55.9405	3.59349
4.28	55.8753	3.47274
4.29	55.8092	3.35046
4.3	55.7424	3.22672
4.31	55.6749	3.10163
4.32	55.6066	2.97525
4.33	55.5377	2.84767
4.34	55.4682	2.71897
4.35	55.3982	2.58923
4.36	55.3276	2.45852
4.37	55.2565	2.32692
4.38	55.185	2.1945
4.39	55.1131	2.06133
4.4	55.0408	1.92748
4.41	54.9682	1.79305
4.42	54.8954	1.65809
4.43	54.8223	1.5227
4.44	54.749	1.38696
4.45	54.6755	1.25094
4.46	54.602	1.11474
4.47	54.5284	0.978458
4.48	54.4548	0.842178
4.49	54.3812	0.706003
4.5	54.3078	0.570035
4.51	54.2346	0.43438
4.52	54.1615	0.299147
4.53	54.0888	0.164449
4.54	54.0164	0.0303986
4.55	53.9444	-0.102887
4.56	53.8729	-0.235289
4.57	53.802	-0.366689
4.58	53.7316	-0.496968
4.59	53.662	-0.626006
4.6	53.593	-0.753685
4.61	53.5249	-0.879889
4.62	53.4576	-1.0045
4.63	53.3912	-1.12741
4.64	53.3258	-1.24851
4.65	53.2614	-1.36769
4.66	53.1982	-1.48485
4.67	53.1361	-1.5999
4.68	53.0751	-1.71273
4.69	53.0154	-1.82326
4.7	52.957	-1.93141
4.71	52.9	-2.03708
4.72	52.8443	-2.14022
4.73	52.79	-2.24073
4.74	52.7372	-2.33855
4.75	52.6858	-2.43362
4.76	52.636	-2.52586
4.77	52.5878	-2.61521
4.78	52.5411	-2.70161
4.79	52.4961	-2.78499
4.8	52.4527	-2.8653
4.81	52.4111	-2.94246
4.82	52.3711	-3.01642
4.83	52.333	-3.08711
4.84	52.2966	-3.15445
4.85	52.2621	-3.21839
4.86	52.2294	-3.27885
4.87	52.1987	-3.33575
4.88	52.1699	-3.38902
4.89	52.1432	-3.43859
4.9	52.1184	-3.48436
4.91	52.0958	-3.52626
4.92	52.0753	-3.5642
4.93	52.057	-3.5981
4.94	52.0409	-3.62788
4.95	52.0271	-3.65343
4.96	52.0157	-3.67469
4.97	52.0066	-3.69155
4.98	51.9999	-3.70394
4.99	51.9956	-3.71178
5	51.9939	-3.71498
5.01	51.9947	-3.71347
5.02	51.9981	-3.70717
5.03	52.0041	-3.69603
5.04	52.0128	-3.67996
5.05	52.0242	-3.65892
5.06	52.0383	-3.63286
5.07	52.0551	-3.60173
5.08	52.0746	-3.56549
5.09	52.097	-3.52411
5.1	52.1221	-3.47756
5.11	52.15	-3.42584
5.12	52.1808	-3.36892
5.13	52.2143	-3.30682
5.14	52.2507	-3.23953
5.15	52.2898	-3.16707
5.16	52.3317	-3.08947
5.17	52.3764	-3.00674
5.18	52.4238	-2.91892
5.19	52.4739	-2.82607
5.2	52.5268	-2.72822
5.21	52.5823	-2.62545
5.22	52.6404	-2.5178
5.23	52.7011	-2.40536
5.24	52.7644	-2.28821
5.25	52.8301	-2.16643
5.26	52.8983	-2.04012
5.27	52.9689	-1.9094
5.28	53.0418	-1.77436
5.29	53.117	-1.63513
5.3	53.1944	-1.49185
5.31	53.2739	-1.34466
5.32	53.3554	-1.19371
5.33	53.4389	-1.03915
5.34	53.5242	-0.881161
5.35	53.6112	-0.719922
5.36	53.7	-0.555623
5.37	53.7902	-0.388464
5.38	53.8819	-0.218657
5.39	53.9749	-0.0464193
5.4	54.0691	0.128019
5.41	54.1644	0.304421
5.42	54.2606	0.482541
5.43	54.3575	0.662127
5.44	54.4552	0.84292
5.45	54.5533	1.02465
5.46	54.6518	1.20706
5.47	54.7505	1.38986
5.48	54.8493	1.57278
5.49	54.948	1.75555
5.5	55.0465	1.93787
5.51	55.1445	2.11947
5.52	55.242	2.30007
5.53	55.3389	2.47938
5.54	55.4349	2.65714
5.55	55.5299	2.83307
5.56	55.6237	3.0069
5.57	55.7163	3.17837
5.58	55.8075	3.34721
5.59	55.8971	3.51317
5.6	55.985	3.676
5.61	56.0711	3.83546
5.62	56.1553	3.99131
5.63	56.2374	4.14331
5.64	56.3173	4.29124
5.65	56.3948	4.43488
5.66	56.47	4.57401
5.67	56.5425	4.70842
5.68	56.6125	4.83791
5.69	56.6796	4.96227
5.7	56.7439	5.08132
5.71	56.8052	5.19485
5.72	56.8635	5.3027
5.73	56.9185	5.40468
5.74	56.9703	5.50061
5.75	57.0188	5.59033
5.76	57.0638	5.67369
5.77	57.1053	5.75052
5.78	57.1432	5.82068
5.79	57.1774	5.88404
5.8	57.2079	5.94047
5.81	57.2345	5.98984
5.82	57.2573	6.03206
5.83	57.2762	6.06701
5.84	57.2911	6.09462
5.85	57.302	6.11481
5.86	57.3089	6.12752
5.87	57.3117	6.13271
5.88	57.3104	6.13033
5.89	57.305	6.12037
5.9	57.2955	6.10282
5.91	57.282	6.0777
5.92	57.2643	6.04503
5.93	57.2426	6.00486
5.94	57.2169	5.95724
5.95	57.1872	5.90226
5.96	57.1536	5.84
5.97	57.1161	5.77059
5.98	57.0748	5.69413
5.99	57.0298	5.61079
6	56.9812	5.52072
6.01	56.929	5.42409
6.02	56.8734	5.32111
6.03	56.8145	5.21197
6.04	56.7523	5.0969
6.05	56.6871	4.97614
6.06	56.619	4.84995
6.07	56.548	4.71857
6.08	56.4744	4.58229
6.09	56.3984	4.44139
6.1	56.3199	4.29617
6.11	56.2393	4.14693
6.12	56.1567	3.99397
6.13	56.0723	3.83762
6.14	55.9862	3.6782
6.15	55.8987	3.51602
6.16	55.8098	3.35142
6.17	55.7198	3.18473
6.18	55.6288	3.01628
6.19	55.5371	2.8464
6.2	55.4447	2.67542
6.21	55.352	2.50366
6.22	55.259	2.33145
6.23	55.1659	2.15912
6.24	55.073	1.98698
6.25	54.9803	1.81535
6.26	54.8881	1.64455
6.27	54.7964	1.47488
6.28	54.7056	1.30664
6.29	54.6157	1.14014
6.3	54.5269	0.975663
6.31	54.4393	0.813508
6.32	54.3531	0.65396
6.33	54.2685	0.497299
6.34	54.1857	0.343802
6.35	54.1046	0.193742
6.36	54.0256	0.0473875
6.37	53.9487	-0.0949968
6.38	53.8741	-0.233151
6.39	53.8019	-0.366821
6.4	53.7323	-0.495754
6.41	53.6654	-0.619703
6.42	53.6012	-0.738428
6.43	53.5401	-0.851692
6.44	53.482	-0.959262
6.45	53.4271	-1.06091
6.46	53.3755	-1.15643
6.47	53.3274	-1.24559
6.48	53.2828	-1.3282
6.49	53.2418	-1.40406
6.5	53.2046	-1.47299
6.51	53.1712	-1.53479
6.52	53.1418	-1.58932
6.53	53.1163	-1.63641
6.54	53.095	-1.67593
6.55	53.0778	-1.70775
6.56	53.0649	-1.73175
6.57	53.0562	-1.74785
6.58	53.0518	-1.75596
6.59	53.0517	-1.75604
6.6	53.0561	-1.74803
6.61	53.0648	-1.73192
6.62	53.0778	-1.70772
6.63	53.0953	-1.67545
6.64	53.117	-1.63516
6.65	53.1431	-1.58692
6.66	53.1734	-1.53083
6.67	53.2078	-1.467
6.68	53.2464	-1.39557
6.69	53.289	-1.31671
6.7	53.3355	-1.2306
6.71	53.3858	-1.13745
6.72	53.4398	-1.0375
6.73	53.4973	-0.930984
6.74	53.5582	-0.81818
6.75	53.6223	-0.699372
6.76	53.6896	-0.574861
6.77	53.7597	-0.444964
6.78	53.8326	-0.31001
6.79	53.908	-0.17034
6.8	53.9858	-0.0263028
6.81	54.0657	0.121743
6.82	54.1477	0.273435
6.83	54.2313	0.428406
6.84	54.3166	0.586286
6.85	54.4032	0.746704
6.86	54.491	0.909292
6.87	54.5798	1.07368
6.88	54.6693	1.23951
6.89	54.7595	1.40642
6.9	54.85	1.57406
6.91	54.9407	1.74208
6.92	55.0315	1.91014
6.93	55.1221	2.07792
6.94	55.2123	2.24508
6.95	55.3021	2.41133
6.96	55.3912	2.57635
6.97	55.4795	2.73986
6.98	55.5668	2.90156
6.99	55.653	3.06118
7	55.738	3.21845
7.01	55.8215	3.37312
7.02	55.9035	3.52493
7.03	55.9838	3.67364
7.04	56.0623	3.81902
7.05	56.1389	3.96083
7.06	56.2134	4.09886
7.07	56.2858	4.23289
7.08	56.3559	4.36272
7.09	56.4236	4.48814
7.1	56.4888	4.60895
7.11	56.5515	4.72497
7.12	56.6114	4.83601
7.13	56.6686	4.9419
7.14	56.7229	5.04246
7.15	56.7743	5.13752
7.16	56.8225	5.22694
7.17	56.8677	5.31055
7.18	56.9096	5.38821
7.19	56.9483	5.45978
7.2	56.9836	5.52514
7.21	57.0154	5.58416
7.22	57.0438	5.63673
7.23	57.0687	5.68275
7.24	57.0899	5.72213
7.25	57.1076	5.75478
7.26	57.1215	5.78063
7.27	57.1318	5.79962
7.28	57.1383	5.81171
7.29	57.1411	5.81686
7.3	57.1401	5.81505
7.31	57.1354	5.80626
7.32	57.1269	5.7905
7.33	57.1146	5.76778
7.34	57.0986	5.73814
7.35	57.0789	5.70161
7.36	57.0555	5.65826
7.37	57.0284	5.60814
7.38	56.9977	5.55134
7.39	56.9635	5.48795
7.4	56.9258	5.41808
7.41	56.8846	5.34184
7.42	56.8401	5.25937
7.43	56.7922	5.17079
7.44	56.7412	5.07626
7.45	56.687	4.97594
7.46	56.6298	4.86999
7.47	56.5696	4.75858
7.48	56.5066	4.6419
7.49	56.4409	4.52015
7.5	56.3725	4.39351
7.51	56.3016	4.26219
7.52	56.2283	4.1264
7.53	56.1526	3.98635
