t	MS	MT0	MT
0.01	-0.0245	-0.0245001	-0.0244988
0.02	-0.070645	-0.0734462	-0.0673047
0.03	-0.135692	-0.146082	-0.116331
0.04	-0.217408	-0.241867	-0.166922
0.05	-0.313904	-0.360558	-0.217501
0.06	-0.423577	-0.501997	-0.269598
0.07	-0.545039	-0.665898	-0.324278
0.08	-0.677065	-0.851755	-0.380175
0.09	-0.818555	-1.05885	-0.434447
0.1	-0.96851	-1.28629	-0.484544
0.11	-1.12601	-1.53311	-0.529739
0.12	-1.29019	-1.79832	-0.571348
0.13	-1.46026	-2.08093	-0.611712
0.14	-1.63547	-2.37999	-0.652911
0.15	-1.81513	-2.69457	-0.695919
0.16	-1.99859	-3.02376	-0.740577
0.17	-2.18526	-3.36654	-0.786113
0.18	-2.37458	-3.72186	-0.831793
0.19	-2.56603	-4.08849	-0.877246
0.2	-2.75913	-4.46508	-0.922363
0.21	-2.95342	-4.85014	-0.966913
0.22	-3.14849	-5.24205	-1.0102
0.23	-3.34392	-5.6391	-1.05105
0.24	-3.53931	-6.03953	-1.08814
0.25	-3.73428	-6.44155	-1.12057
0.26	-3.92844	-6.84338	-1.14829
0.27	-4.12141	-7.24329	-1.1721
0.28	-4.31277	-7.63959	-1.19335
0.29	-4.50214	-8.03063	-1.21341
0.3	-4.68909	-8.41487	-1.23314
0.31	-4.87319	-8.79081	-1.25283
0.32	-5.05401	-9.15705	-1.27224
0.33	-5.2311	-9.5123	-1.29089
0.34	-5.404	-9.85535	-1.30824
0.35	-5.57226	-10.1851	-1.32377
0.36	-5.73541	-10.5007	-1.33687
0.37	-5.893	-10.8012	-1.34679
0.38	-6.0446	-11.0859	-1.35274
0.39	-6.18977	-11.3543	-1.35398
0.4	-6.3281	-11.6059	-1.35009
0.41	-6.4592	-11.8403	-1.34102
0.42	-6.58273	-12.0573	-1.32713
0.43	-6.69835	-12.2566	-1.30903
0.44	-6.80578	-12.4383	-1.28744
0.45	-6.90478	-12.6024	-1.26303
0.46	-6.99513	-12.749	-1.23638
0.47	-7.07668	-12.8782	-1.20799
0.48	-7.14932	-12.9904	-1.17826
0.49	-7.21299	-13.0859	-1.14753
0.5	-7.26766	-13.1651	-1.11606
0.51	-7.31337	-13.2285	-1.08403
0.52	-7.35019	-13.2764	-1.05154
0.53	-7.37826	-13.3093	-1.01865
0.54	-7.39773	-13.3277	-0.985428
0.55	-7.40883	-13.3321	-0.952002
0.56	-7.41179	-13.3227	-0.918584
0.57	-7.40691	-13.3001	-0.885466
0.58	-7.39451	-13.2645	-0.852984
0.59	-7.37493	-13.2163	-0.821477
0.6	-7.34855	-13.1559	-0.791254
0.61	-7.31578	-13.0834	-0.762569
0.62	-7.27703	-12.9994	-0.735614
0.63	-7.23273	-12.9039	-0.710519
0.64	-7.18333	-12.7974	-0.687347
0.65	-7.12927	-12.6801	-0.666092
0.66	-7.07102	-12.5523	-0.646681
0.67	-7.00903	-12.4143	-0.628982
0.68	-6.94375	-12.2665	-0.612828
0.69	-6.87562	-12.1093	-0.598049
0.7	-6.80508	-11.9429	-0.5845
0.71	-6.73255	-11.7677	-0.572087
0.72	-6.65844	-11.5842	-0.56077
0.73	-6.58314	-11.3927	-0.550562
0.74	-6.50702	-11.1937	-0.541518
0.75	-6.43044	-10.9876	-0.533718
0.76	-6.35373	-10.7748	-0.527251
0.77	-6.2772	-10.5559	-0.522204
0.78	-6.20115	-10.3313	-0.518649
0.79	-6.12583	-10.1017	-0.516637
0.8	-6.05151	-9.86762	-0.516196
0.81	-5.9784	-9.62967	-0.517328
0.82	-5.90673	-9.38853	-0.520026
0.83	-5.83666	-9.14487	-0.524284
0.84	-5.76839	-8.89942	-0.530113
0.85	-5.70206	-8.6529	-0.537554
0.86	-5.63781	-8.40606	-0.546682
0.87	-5.57578	-8.15967	-0.557609
0.88	-5.51609	-7.9145	-0.570466
0.89	-5.45884	-7.67129	-0.585393
0.9	-5.40414	-7.43081	-0.602517
0.91	-5.35208	-7.1938	-0.621934
0.92	-5.30275	-6.96099	-0.643691
0.93	-5.25626	-6.73309	-0.66777
0.94	-5.21268	-6.51079	-0.694077
0.95	-5.1721	-6.29477	-0.722444
0.96	-5.13462	-6.08568	-0.752627
0.97	-5.10032	-5.88414	-0.784322
0.98	-5.06929	-5.69078	-0.817174
0.99	-5.04161	-5.50616	-0.850803
1	-5.01738	-5.33085	-0.884823
1.01	-4.99666	-5.16537	-0.918853
1.02	-4.97954	-5.01023	-0.952543
1.03	-4.96606	-4.86589	-0.985572
1.04	-4.95629	-4.73278	-1.01766
1.05	-4.95024	-4.61129	-1.04857
1.06	-4.94796	-4.50176	-1.07809
1.07	-4.94943	-4.4045	-1.10605
1.08	-4.95465	-4.31977	-1.13227
1.09	-4.96359	-4.24776	-1.15659
1.1	-4.97619	-4.18863	-1.17886
1.11	-4.99239	-4.14249	-1.1989
1.12	-5.0121	-4.10938	-1.21653
1.13	-5.03523	-4.08931	-1.23157
1.14	-5.06165	-4.08222	-1.24382
1.15	-5.09124	-4.08801	-1.2531
1.16	-5.12386	-4.10655	-1.25926
1.17	-5.15933	-4.13763	-1.26217
1.18	-5.19751	-4.18101	-1.26174
1.19	-5.2382	-4.23642	-1.25794
1.2	-5.28122	-4.30353	-1.2508
1.21	-5.32636	-4.38198	-1.24039
1.22	-5.37343	-4.47137	-1.22685
1.23	-5.42221	-4.57127	-1.21038
1.24	-5.47249	-4.6812	-1.1912
1.25	-5.52404	-4.80066	-1.16956
1.26	-5.57664	-4.92913	-1.14576
1.27	-5.63008	-5.06605	-1.12008
1.28	-5.68414	-5.21084	-1.09281
1.29	-5.7386	-5.36291	-1.06424
1.3	-5.79328	-5.52163	-1.03465
1.31	-5.84796	-5.68638	-1.00429
1.32	-5.90248	-5.85652	-0.973439
1.33	-5.95667	-6.0314	-0.94232
1.34	-6.01036	-6.21038	-0.911174
1.35	-6.06342	-6.3928	-0.880228
1.36	-6.11574	-6.57801	-0.849707
1.37	-6.16719	-6.76538	-0.819831
1.38	-6.21771	-6.95425	-0.790814
1.39	-6.2672	-7.14401	-0.762865
1.4	-6.31562	-7.33403	-0.73618
1.41	-6.36291	-7.52371	-0.710942
1.42	-6.40905	-7.71244	-0.687317
1.43	-6.45401	-7.89967	-0.665446
1.44	-6.49778	-8.08481	-0.645448
1.45	-6.54035	-8.26733	-0.627415
1.46	-6.58173	-8.44671	-0.611412
1.47	-6.62193	-8.62243	-0.597481
1.48	-6.66094	-8.79401	-0.58564
1.49	-6.69879	-8.961	-0.57589
1.5	-6.73549	-9.12295	-0.568217
1.51	-6.77104	-9.27944	-0.562595
1.52	-6.80547	-9.43009	-0.558988
1.53	-6.83877	-9.57452	-0.557355
1.54	-6.87096	-9.7124	-0.557646
1.55	-6.90204	-9.84341	-0.559808
1.56	-6.93201	-9.96725	-0.563773
1.57	-6.96087	-10.0837	-0.569469
1.58	-6.98862	-10.1924	-0.576806
1.59	-7.01526	-10.2932	-0.585685
1.6	-7.04077	-10.386	-0.595988
1.61	-7.06514	-10.4706	-0.607587
1.62	-7.08837	-10.5467	-0.620341
1.63	-7.11043	-10.6144	-0.634099
1.64	-7.13132	-10.6735	-0.648708
1.65	-7.15101	-10.724	-0.664012
1.66	-7.1695	-10.7658	-0.67986
1.67	-7.18676	-10.7989	-0.696112
1.68	-7.20277	-10.8233	-0.712636
1.69	-7.21753	-10.8391	-0.729318
1.7	-7.23101	-10.8463	-0.746054
1.71	-7.24319	-10.845	-0.762759
1.72	-7.25407	-10.8353	-0.779354
1.73	-7.26363	-10.8173	-0.795774
1.74	-7.27186	-10.7912	-0.811955
1.75	-7.27873	-10.7572	-0.827837
1.76	-7.28425	-10.7154	-0.843357
1.77	-7.2884	-10.666	-0.858446
1.78	-7.29118	-10.6093	-0.873032
1.79	-7.29256	-10.5455	-0.887033
1.8	-7.29255	-10.4749	-0.900363
1.81	-7.29115	-10.3977	-0.912931
1.82	-7.28833	-10.3143	-0.924644
1.83	-7.28412	-10.225	-0.935411
1.84	-7.27849	-10.13	-0.945145
1.85	-7.27145	-10.0298	-0.953767
1.86	-7.263	-9.92469	-0.96121
1.87	-7.25315	-9.81502	-0.967416
1.88	-7.24189	-9.70119	-0.972343
1.89	-7.22924	-9.58357	-0.975965
1.9	-7.2152	-9.46255	-0.978266
1.91	-7.19979	-9.33855	-0.979247
1.92	-7.18301	-9.21197	-0.97892
1.93	-7.16488	-9.08321	-0.97731
1.94	-7.14541	-8.95268	-0.97445
1.95	-7.12464	-8.82081	-0.970384
1.96	-7.10258	-8.68801	-0.965164
1.97	-7.07926	-8.55469	-0.95885
1.98	-7.0547	-8.42126	-0.951508
1.99	-7.02895	-8.28814	-0.943213
2	-7.00203	-8.15572	-0.934044
2.01	-6.97399	-8.0244	-0.924089
2.02	-6.94487	-7.89458	-0.913438
2.03	-6.91472	-7.76662	-0.902186
2.04	-6.88358	-7.64092	-0.890431
2.05	-6.85151	-7.51782	-0.878272
2.06	-6.81857	-7.39767	-0.865806
2.07	-6.78482	-7.28082	-0.853129
2.08	-6.75031	-7.16758	-0.840331
2.09	-6.71511	-7.05825	-0.827495
2.1	-6.67929	-6.95314	-0.814696
2.11	-6.64293	-6.85252	-0.802003
2.12	-6.60608	-6.75665	-0.789474
2.13	-6.56882	-6.66576	-0.777158
2.14	-6.53123	-6.58007	-0.765098
2.15	-6.49338	-6.4998	-0.753329
2.16	-6.45534	-6.42513	-0.741884
2.17	-6.41718	-6.35622	-0.730793
2.18	-6.37899	-6.29322	-0.720083
2.19	-6.34083	-6.23625	-0.709788
2.2	-6.30277	-6.18542	-0.699941
2.21	-6.26488	-6.14081	-0.690584
2.22	-6.22722	-6.10249	-0.681762
2.23	-6.18987	-6.07051	-0.673528
2.24	-6.15288	-6.04489	-0.665938
2.25	-6.11631	-6.02563	-0.659053
2.26	-6.08021	-6.01272	-0.652935
2.27	-6.04464	-6.00614	-0.647646
2.28	-6.00965	-6.00582	-0.643243
2.29	-5.97528	-6.0117	-0.639778
2.3	-5.94157	-6.02369	-0.637295
2.31	-5.90857	-6.04168	-0.635824
2.32	-5.87631	-6.06556	-0.635385
2.33	-5.84482	-6.09518	-0.635983
2.34	-5.81413	-6.13038	-0.63761
2.35	-5.78428	-6.17101	-0.640242
2.36	-5.75528	-6.21686	-0.643845
2.37	-5.72716	-6.26776	-0.648373
2.38	-5.69994	-6.32347	-0.653773
2.39	-5.67365	-6.38379	-0.659984
2.4	-5.64828	-6.44847	-0.666942
2.41	-5.62387	-6.51727	-0.674581
2.42	-5.60042	-6.58994	-0.682836
2.43	-5.57795	-6.66619	-0.691643
2.44	-5.55647	-6.74577	-0.700941
2.45	-5.53598	-6.82839	-0.71067
2.46	-5.51649	-6.91377	-0.720775
2.47	-5.49801	-7.0016	-0.731202
2.48	-5.48054	-7.09159	-0.741895
2.49	-5.46408	-7.18344	-0.752803
2.5	-5.44863	-7.27685	-0.76387
2.51	-5.43419	-7.37151	-0.77504
2.52	-5.42075	-7.4671	-0.786253
2.53	-5.4083	-7.56334	-0.797446
2.54	-5.39684	-7.6599	-0.808554
2.55	-5.38635	-7.75649	-0.819511
2.56	-5.37682	-7.85281	-0.830244
2.57	-5.36822	-7.94857	-0.840686
2.58	-5.36054	-8.04347	-0.850764
2.59	-5.35376	-8.13723	-0.86041
2.6	-5.34784	-8.22957	-0.869556
2.61	-5.34276	-8.32022	-0.878141
2.62	-5.33848	-8.40892	-0.886102
2.63	-5.33497	-8.49542	-0.893387
2.64	-5.33218	-8.57948	-0.899945
2.65	-5.33008	-8.66086	-0.905732
2.66	-5.32863	-8.73934	-0.910709
2.67	-5.32777	-8.81471	-0.914845
2.68	-5.32747	-8.88677	-0.918116
2.69	-5.32765	-8.95534	-0.920503
2.7	-5.32829	-9.02024	-0.921998
2.71	-5.32931	-9.08132	-0.922601
2.72	-5.33068	-9.13844	-0.922321
2.73	-5.33232	-9.19145	-0.921178
2.74	-5.33419	-9.24024	-0.919201
2.75	-5.33622	-9.28472	-0.916432
2.76	-5.33836	-9.32479	-0.912921
2.77	-5.34056	-9.36038	-0.90873
2.78	-5.34275	-9.39144	-0.90393
2.79	-5.34487	-9.41791	-0.898596
2.8	-5.34689	-9.43978	-0.892813
2.81	-5.34873	-9.45703	-0.886665
2.82	-5.35035	-9.46965	-0.880242
2.83	-5.3517	-9.47767	-0.873629
2.84	-5.35272	-9.48112	-0.866908
2.85	-5.35338	-9.48003	-0.860159
2.86	-5.35363	-9.47446	-0.853453
2.87	-5.35343	-9.46449	-0.846852
2.88	-5.35273	-9.4502	-0.840411
2.89	-5.35151	-9.43167	-0.834179
2.9	-5.34973	-9.40903	-0.828192
2.91	-5.34736	-9.38238	-0.822483
2.92	-5.34437	-9.35187	-0.817076
2.93	-5.34075	-9.31761	-0.81199
2.94	-5.33647	-9.27978	-0.807242
2.95	-5.33152	-9.23852	-0.802845
2.96	-5.32588	-9.19401	-0.79881
2.97	-5.31954	-9.14642	-0.795149
2.98	-5.3125	-9.09594	-0.791871
2.99	-5.30475	-9.04275	-0.788986
3	-5.2963	-8.98706	-0.786504
3.01	-5.28714	-8.92906	-0.784434
3.02	-5.27729	-8.86896	-0.782784
3.03	-5.26675	-8.80698	-0.781561
3.04	-5.25554	-8.74332	-0.780767
3.05	-5.24367	-8.6782	-0.780403
3.06	-5.23116	-8.61185	-0.780466
3.07	-5.21803	-8.54448	-0.780949
3.08	-5.2043	-8.47631	-0.781841
3.09	-5.19	-8.40756	-0.783126
3.1	-5.17516	-8.33845	-0.784786
3.11	-5.15981	-8.2692	-0.786799
3.12	-5.14397	-8.20002	-0.789137
3.13	-5.12769	-8.13113	-0.791774
3.14	-5.11099	-8.06273	-0.794678
3.15	-5.09392	-7.99503	-0.797819
3.16	-5.0765	-7.92822	-0.801163
3.17	-5.05879	-7.86251	-0.804677
3.18	-5.04081	-7.79807	-0.80833
3.19	-5.02262	-7.7351	-0.81209
3.2	-5.00425	-7.67376	-0.815926
3.21	-4.98574	-7.61422	-0.81981
3.22	-4.96714	-7.55665	-0.823715
3.23	-4.94848	-7.50119	-0.827616
3.24	-4.92982	-7.448	-0.831494
3.25	-4.91119	-7.39719	-0.835329
3.26	-4.89263	-7.3489	-0.839106
3.27	-4.87419	-7.30325	-0.842814
3.28	-4.85591	-7.26034	-0.846442
3.29	-4.83782	-7.22026	-0.849985
3.3	-4.81997	-7.18311	-0.853439
3.31	-4.8024	-7.14895	-0.856801
3.32	-4.78514	-7.11787	-0.860069
3.33	-4.76823	-7.0899	-0.863244
3.34	-4.7517	-7.0651	-0.866323
3.35	-4.7356	-7.04351	-0.869305
3.36	-4.71995	-7.02514	-0.872186
3.37	-4.70478	-7.01002	-0.87496
3.38	-4.69013	-6.99815	-0.877617
3.39	-4.67602	-6.98953	-0.880146
3.4	-4.66248	-6.98413	-0.882532
3.41	-4.64953	-6.98195	-0.884759
3.42	-4.6372	-6.98294	-0.886807
3.43	-4.6255	-6.98707	-0.888656
3.44	-4.61447	-6.99428	-0.890284
3.45	-4.60411	-7.00451	-0.891668
3.46	-4.59445	-7.0177	-0.892789
3.47	-4.58549	-7.03377	-0.893627
3.48	-4.57726	-7.05264	-0.894165
3.49	-4.56975	-7.07422	-0.894388
3.5	-4.56299	-7.09841	-0.894287
3.51	-4.55698	-7.1251	-0.893853
3.52	-4.55172	-7.15419	-0.893084
3.53	-4.54723	-7.18556	-0.89198
3.54	-4.54349	-7.21909	-0.890543
3.55	-4.54052	-7.25466	-0.888782
3.56	-4.53831	-7.29213	-0.886707
3.57	-4.53687	-7.33137	-0.884328
3.58	-4.53619	-7.37223	-0.881661
3.59	-4.53625	-7.41459	-0.878722
3.6	-4.53707	-7.45829	-0.875527
3.61	-4.53863	-7.50319	-0.872094
3.62	-4.54092	-7.54915	-0.868443
3.63	-4.54393	-7.596	-0.864592
3.64	-4.54765	-7.6436	-0.860561
3.65	-4.55207	-7.6918	-0.856371
3.66	-4.55718	-7.74045	-0.852042
3.67	-4.56296	-7.78939	-0.847594
3.68	-4.5694	-7.83848	-0.843049
3.69	-4.57648	-7.88757	-0.838428
3.7	-4.58418	-7.93651	-0.833754
3.71	-4.59248	-7.98515	-0.829049
3.72	-4.60138	-8.03336	-0.824335
3.73	-4.61084	-8.08098	-0.819636
3.74	-4.62085	-8.12789	-0.814974
3.75	-4.63139	-8.17395	-0.810372
3.76	-4.64244	-8.21904	-0.805855
3.77	-4.65397	-8.26302	-0.801446
3.78	-4.66597	-8.30577	-0.797167
3.79	-4.67841	-8.34719	-0.793043
3.8	-4.69128	-8.38716	-0.789096
3.81	-4.70454	-8.42557	-0.785349
3.82	-4.71817	-8.46233	-0.781822
3.83	-4.73216	-8.49734	-0.778538
3.84	-4.74648	-8.53051	-0.775515
3.85	-4.76111	-8.56177	-0.772771
3.86	-4.77602	-8.59105	-0.770324
3.87	-4.7912	-8.61826	-0.768187
3.88	-4.80661	-8.64336	-0.766372
3.89	-4.82224	-8.66628	-0.764886
3.9	-4.83807	-8.68699	-0.763737
3.91	-4.85408	-8.70545	-0.762925
3.92	-4.87023	-8.72161	-0.762449
3.93	-4.88652	-8.73546	-0.762304
3.94	-4.90292	-8.74698	-0.76248
3.95	-4.9194	-8.75616	-0.762966
3.96	-4.93596	-8.763	-0.763745
3.97	-4.95258	-8.76749	-0.764798
3.98	-4.96922	-8.76966	-0.766104
3.99	-4.98589	-8.76952	-0.76764
4	-5.00255	-8.7671	-0.769381
4.01	-5.01919	-8.76242	-0.7713
4.02	-5.0358	-8.75554	-0.773372
4.03	-5.05235	-8.74648	-0.77557
4.04	-5.06885	-8.73531	-0.777868
4.05	-5.08526	-8.72209	-0.780239
4.06	-5.10158	-8.70686	-0.782659
4.07	-5.1178	-8.68972	-0.785105
4.08	-5.1339	-8.67072	-0.787554
4.09	-5.14987	-8.64995	-0.789983
4.1	-5.1657	-8.62749	-0.792374
4.11	-5.18138	-8.60343	-0.794706
4.12	-5.19691	-8.57787	-0.796963
4.13	-5.21227	-8.55089	-0.799125
4.14	-5.22746	-8.5226	-0.801179
4.15	-5.24247	-8.49311	-0.803108
4.16	-5.25729	-8.46251	-0.804899
4.17	-5.27192	-8.43091	-0.806539
4.18	-5.28635	-8.39842	-0.808016
4.19	-5.30058	-8.36516	-0.809321
4.2	-5.31461	-8.33124	-0.810443
4.21	-5.32844	-8.29677	-0.811376
4.22	-5.34205	-8.26186	-0.812113
4.23	-5.35545	-8.22663	-0.81265
4.24	-5.36865	-8.19118	-0.812984
4.25	-5.38163	-8.15565	-0.813114
4.26	-5.3944	-8.12012	-0.813042
4.27	-5.40696	-8.08472	-0.812769
4.28	-5.41931	-8.04956	-0.812299
4.29	-5.43146	-8.01474	-0.811639
4.3	-5.4434	-7.98036	-0.810795
4.31	-5.45513	-7.94653	-0.809778
4.32	-5.46667	-7.91335	-0.808596
4.33	-5.47802	-7.88091	-0.807262
4.34	-5.48917	-7.8493	-0.805788
4.35	-5.50014	-7.81862	-0.804188
4.36	-5.51092	-7.78895	-0.802478
4.37	-5.52153	-7.76036	-0.800672
4.38	-5.53197	-7.73294	-0.798788
4.39	-5.54224	-7.70675	-0.79684
4.4	-5.55234	-7.68187	-0.794847
4.41	-5.5623	-7.65835	-0.792825
4.42	-5.5721	-7.63625	-0.790789
4.43	-5.58176	-7.61563	-0.788757
4.44	-5.59129	-7.59652	-0.786742
4.45	-5.60068	-7.57898	-0.78476
4.46	-5.60995	-7.56303	-0.782823
4.47	-5.61911	-7.54871	-0.780944
4.48	-5.62815	-7.53605	-0.779134
4.49	-5.63709	-7.52505	-0.777402
4.5	-5.64593	-7.51574	-0.775757
4.51	-5.65468	-7.50813	-0.774207
4.52	-5.66334	-7.50221	-0.772759
4.53	-5.67193	-7.49799	-0.771417
4.54	-5.68044	-7.49546	-0.770187
4.55	-5.68888	-7.49461	-0.769074
4.56	-5.69726	-7.49542	-0.768081
4.57	-5.70559	-7.49786	-0.767213
4.58	-5.71386	-7.50192	-0.766473
4.59	-5.72209	-7.50755	-0.765864
4.6	-5.73027	-7.51472	-0.76539
4.61	-5.73842	-7.5234	-0.765053
4.62	-5.74654	-7.53353	-0.764858
4.63	-5.75463	-7.54508	-0.764807
4.64	-5.76269	-7.55798	-0.764902
4.65	-5.77073	-7.57218	-0.765147
4.66	-5.77875	-7.58762	-0.765543
4.67	-5.78676	-7.60424	-0.766092
4.68	-5.79475	-7.62198	-0.766794
4.69	-5.80273	-7.64076	-0.767651
4.7	-5.81071	-7.66052	-0.768662
4.71	-5.81867	-7.68118	-0.769826
4.72	-5.82662	-7.70268	-0.771141
4.73	-5.83457	-7.72493	-0.772604
4.74	-5.8425	-7.74785	-0.774212
4.75	-5.85043	-7.77138	-0.77596
4.76	-5.85836	-7.79542	-0.777843
4.77	-5.86627	-7.81991	-0.779854
4.78	-5.87417	-7.84476	-0.781988
4.79	-5.88206	-7.86989	-0.784235
4.8	-5.88993	-7.89521	-0.786586
4.81	-5.89779	-7.92066	-0.789034
4.82	-5.90563	-7.94615	-0.791566
4.83	-5.91344	-7.9716	-0.794173
4.84	-5.92123	-7.99694	-0.796843
4.85	-5.92899	-8.02208	-0.799565
4.86	-5.93671	-8.04696	-0.802325
4.87	-5.9444	-8.07151	-0.805111
4.88	-5.95204	-8.09564	-0.807912
4.89	-5.95963	-8.11929	-0.810713
4.9	-5.96717	-8.1424	-0.813502
4.91	-5.97465	-8.1649	-0.816267
4.92	-5.98206	-8.18673	-0.818995
4.93	-5.9894	-8.20783	-0.821674
4.94	-5.99667	-8.22814	-0.824292
4.95	-6.00385	-8.24762	-0.826838
4.96	-6.01094	-8.2662	-0.829301
4.97	-6.01793	-8.28386	-0.83167
4.98	-6.02482	-8.30053	-0.833934
4.99	-6.03159	-8.31618	-0.836085
5	-6.03825	-8.33079	-0.838114
5.01	-6.04478	-8.3443	-0.840012
5.02	-6.05117	-8.3567	-0.841771
5.03	-6.05743	-8.36796	-0.843385
5.04	-6.06353	-8.37806	-0.844847
5.05	-6.06948	-8.38698	-0.846152
5.06	-6.07526	-8.3947	-0.847295
5.07	-6.08087	-8.40123	-0.848275
5.08	-6.0863	-8.40654	-0.849088
5.09	-6.09154	-8.41064	-0.849735
5.1	-6.09659	-8.41354	-0.850215
5.11	-6.10143	-8.41522	-0.850531
5.12	-6.10607	-8.41571	-0.850686
5.13	-6.11048	-8.41502	-0.850685
5.14	-6.11467	-8.41316	-0.850533
5.15	-6.11863	-8.41014	-0.85024
5.16	-6.12234	-8.406	-0.849812
5.17	-6.12581	-8.40075	-0.849261
5.18	-6.12903	-8.39444	-0.848597
5.19	-6.13198	-8.38708	-0.847831
5.2	-6.13467	-8.37871	-0.846976
5.21	-6.13709	-8.36937	-0.846046
5.22	-6.13923	-8.3591	-0.845053
5.23	-6.14108	-8.34793	-0.844011
5.24	-6.14265	-8.33593	-0.842934
5.25	-6.14392	-8.32312	-0.841835
5.26	-6.1449	-8.30956	-0.840728
5.27	-6.14557	-8.29531	-0.839626
5.28	-6.14593	-8.2804	-0.83854
5.29	-6.14599	-8.26489	-0.837482
5.3	-6.14573	-8.24885	-0.836464
5.31	-6.14515	-8.23231	-0.835496
5.32	-6.14426	-8.21534	-0.834586
5.33	-6.14304	-8.198	-0.833743
5.34	-6.1415	-8.18034	-0.832974
5.35	-6.13963	-8.16243	-0.832285
5.36	-6.13744	-8.1443	-0.831681
5.37	-6.13493	-8.12604	-0.831167
5.38	-6.13208	-8.10768	-0.830744
5.39	-6.12891	-8.0893	-0.830416
5.4	-6.12542	-8.07094	-0.830183
5.41	-6.1216	-8.05266	-0.830046
5.42	-6.11746	-8.03451	-0.830003
5.43	-6.113	-8.01656	-0.830052
5.44	-6.10822	-7.99884	-0.830192
5.45	-6.10313	-7.98142	-0.83042
5.46	-6.09772	-7.96434	-0.830731
5.47	-6.092	-7.94766	-0.83112
5.48	-6.08598	-7.9314	-0.831583
5.49	-6.07966	-7.91563	-0.832114
5.5	-6.07305	-7.90038	-0.832707
5.51	-6.06614	-7.8857	-0.833354
5.52	-6.05895	-7.87161	-0.834049
5.53	-6.05149	-7.85816	-0.834784
5.54	-6.04375	-7.84538	-0.835551
5.55	-6.03574	-7.8333	-0.836342
5.56	-6.02748	-7.82195	-0.837148
5.57	-6.01896	-7.81135	-0.837961
5.58	-6.01021	-7.80154	-0.838773
5.59	-6.00121	-7.79252	-0.839573
5.6	-5.99199	-7.78431	-0.840355
5.61	-5.98255	-7.77694	-0.84111
5.62	-5.9729	-7.77041	-0.84183
5.63	-5.96304	-7.76473	-0.842507
5.64	-5.953	-7.75992	-0.843135
5.65	-5.94277	-7.75597	-0.843707
5.66	-5.93236	-7.75288	-0.844216
5.67	-5.92179	-7.75066	-0.844659
5.68	-5.91107	-7.7493	-0.84503
5.69	-5.9002	-7.7488	-0.845326
5.7	-5.88919	-7.74914	-0.845544
5.71	-5.87806	-7.75032	-0.84568
5.72	-5.86681	-7.75232	-0.845735
5.73	-5.85546	-7.75512	-0.845705
5.74	-5.84401	-7.75871	-0.845592
5.75	-5.83247	-7.76307	-0.845396
5.76	-5.82086	-7.76817	-0.845116
5.77	-5.80918	-7.774	-0.844754
5.78	-5.79744	-7.78051	-0.844311
5.79	-5.78566	-7.78769	-0.843791
5.8	-5.77384	-7.79551	-0.843193
5.81	-5.76199	-7.80393	-0.842522
5.82	-5.75012	-7.81293	-0.841779
5.83	-5.73824	-7.82246	-0.840967
5.84	-5.72636	-7.83249	-0.840089
5.85	-5.71449	-7.84298	-0.839148
5.86	-5.70264	-7.85391	-0.838148
5.87	-5.69081	-7.86522	-0.837091
5.88	-5.67901	-7.87688	-0.83598
5.89	-5.66726	-7.88886	-0.834819
5.9	-5.65555	-7.9011	-0.833611
5.91	-5.6439	-7.91357	-0.832359
5.92	-5.63232	-7.92623	-0.831067
5.93	-5.6208	-7.93904	-0.829738
5.94	-5.60936	-7.95196	-0.828375
5.95	-5.598	-7.96494	-0.826982
5.96	-5.58673	-7.97794	-0.825563
5.97	-5.57556	-7.99094	-0.824122
5.98	-5.56449	-8.00387	-0.822661
5.99	-5.55352	-8.01672	-0.821186
6	-5.54266	-8.02943	-0.819699
6.01	-5.53192	-8.04197	-0.818205
6.02	-5.52129	-8.05431	-0.816708
6.03	-5.51079	-8.0664	-0.815212
6.04	-5.50042	-8.07822	-0.81372
6.05	-5.49017	-8.08973	-0.812237
6.06	-5.48006	-8.1009	-0.810766
6.07	-5.47008	-8.11169	-0.809311
6.08	-5.46023	-8.12209	-0.807875
6.09	-5.45053	-8.13205	-0.806463
6.1	-5.44097	-8.14157	-0.805076
6.11	-5.43155	-8.1506	-0.803719
6.12	-5.42227	-8.15914	-0.802395
6.13	-5.41314	-8.16715	-0.801106
6.14	-5.40415	-8.17462	-0.799854
6.15	-5.39531	-8.18153	-0.798643
6.16	-5.38662	-8.18787	-0.797475
6.17	-5.37807	-8.19362	-0.796352
6.18	-5.36966	-8.19878	-0.795276
6.19	-5.3614	-8.20333	-0.794249
6.2	-5.35329	-8.20726	-0.793272
6.21	-5.34532	-8.21058	-0.792348
6.22	-5.33749	-8.21327	-0.791478
6.23	-5.3298	-8.21534	-0.790664
6.24	-5.32226	-8.21678	-0.789906
6.25	-5.31485	-8.2176	-0.789205
6.26	-5.30758	-8.2178	-0.788562
6.27	-5.30044	-8.21739	-0.787978
6.28	-5.29344	-8.21638	-0.787452
6.29	-5.28656	-8.21477	-0.786986
6.3	-5.27982	-8.21258	-0.786578
6.31	-5.27321	-8.20982	-0.786227
6.32	-5.26672	-8.2065	-0.785933
6.33	-5.26035	-8.20264	-0.785694
6.34	-5.2541	-8.19827	-0.785509
6.35	-5.24798	-8.19339	-0.785376
6.36	-5.24197	-8.18803	-0.785292
6.37	-5.23607	-8.18221	-0.785254
6.38	-5.23029	-8.17595	-0.785261
6.39	-5.22461	-8.16928	-0.785308
6.4	-5.21905	-8.16223	-0.785392
6.41	-5.21359	-8.15481	-0.78551
6.42	-5.20824	-8.14706	-0.785659
6.43	-5.20298	-8.139	-0.785833
6.44	-5.19783	-8.13066	-0.78603
6.45	-5.19278	-8.12207	-0.786245
6.46	-5.18782	-8.11326	-0.786476
6.47	-5.18296	-8.10426	-0.786717
6.48	-5.1782	-8.0951	-0.786966
6.49	-5.17352	-8.0858	-0.787219
6.5	-5.16894	-8.07641	-0.787473
6.51	-5.16445	-8.06695	-0.787724
6.52	-5.16005	-8.05744	-0.787971
6.53	-5.15573	-8.04792	-0.78821
6.54	-5.15151	-8.03842	-0.78844
6.55	-5.14737	-8.02897	-0.788658
6.56	-5.14332	-8.01959	-0.788864
6.57	-5.13936	-8.01032	-0.789055
6.58	-5.13548	-8.00118	-0.789232
6.59	-5.13169	-7.9922	-0.789393
6.6	-5.12799	-7.9834	-0.789538
6.61	-5.12438	-7.97481	-0.789668
6.62	-5.12085	-7.96646	-0.789782
6.63	-5.11741	-7.95836	-0.789882
6.64	-5.11406	-7.95054	-0.789969
6.65	-5.1108	-7.94302	-0.790043
6.66	-5.10763	-7.93582	-0.790106
6.67	-5.10455	-7.92895	-0.790159
6.68	-5.10156	-7.92245	-0.790206
6.69	-5.09867	-7.91631	-0.790247
6.7	-5.09587	-7.91056	-0.790284
6.71	-5.09317	-7.90521	-0.790321
6.72	-5.09057	-7.90027	-0.790359
6.73	-5.08807	-7.89575	-0.790402
6.74	-5.08567	-7.89166	-0.790451
6.75	-5.08337	-7.88801	-0.79051
6.76	-5.08118	-7.88481	-0.79058
6.77	-5.07909	-7.88205	-0.790666
6.78	-5.07712	-7.87975	-0.790769
6.79	-5.07526	-7.8779	-0.790892
6.8	-5.0735	-7.87651	-0.791038
6.81	-5.07187	-7.87557	-0.791208
6.82	-5.07035	-7.87509	-0.791406
6.83	-5.06895	-7.87506	-0.791633
6.84	-5.06768	-7.87546	-0.79189
6.85	-5.06652	-7.87631	-0.792181
6.86	-5.06549	-7.87759	-0.792505
6.87	-5.06459	-7.87928	-0.792864
6.88	-5.06382	-7.88139	-0.79326
6.89	-5.06319	-7.8839	-0.793692
6.9	-5.06268	-7.8868	-0.794161
6.91	-5.06231	-7.89007	-0.794668
6.92	-5.06208	-7.89371	-0.795211
6.93	-5.06199	-7.89769	-0.795791
6.94	-5.06204	-7.902	-0.796407
6.95	-5.06223	-7.90662	-0.797058
6.96	-5.06257	-7.91154	-0.797744
6.97	-5.06305	-7.91673	-0.798462
6.98	-5.06368	-7.92219	-0.799212
6.99	-5.06446	-7.92788	-0.799992
7	-5.06538	-7.9338	-0.8008
7.01	-5.06646	-7.93991	-0.801635
7.02	-5.0677	-7.9462	-0.802494
7.03	-5.06908	-7.95264	-0.803376
7.04	-5.07062	-7.95923	-0.804278
7.05	-5.07231	-7.96593	-0.8052
7.06	-5.07416	-7.97272	-0.806138
7.07	-5.07616	-7.97958	-0.807091
7.08	-5.07832	-7.9865	-0.808056
7.09	-5.08064	-7.99344	-0.809032
7.1	-5.08311	-8.00039	-0.810017
7.11	-5.08574	-8.00733	-0.811009
7.12	-5.08852	-8.01423	-0.812005
7.13	-5.09146	-8.02109	-0.813005
7.14	-5.09456	-8.02786	-0.814006
7.15	-5.09781	-8.03455	-0.815006
7.16	-5.10121	-8.04112	-0.816005
7.17	-5.10477	-8.04757	-0.816999
7.18	-5.10848	-8.05386	-0.817988
7.19	-5.11234	-8.05999	-0.818969
7.2	-5.11635	-8.06594	-0.819942
7.21	-5.12051	-8.07169	-0.820904
7.22	-5.12482	-8.07724	-0.821855
7.23	-5.12927	-8.08255	-0.822792
7.24	-5.13387	-8.08763	-0.823714
7.25	-5.13861	-8.09245	-0.824621
7.26	-5.14349	-8.09702	-0.825509
7.27	-5.1485	-8.10131	-0.826379
7.28	-5.15366	-8.10532	-0.827228
7.29	-5.15895	-8.10904	-0.828056
7.3	-5.16437	-8.11246	-0.828862
7.31	-5.16992	-8.11558	-0.829643
7.32	-5.1756	-8.11839	-0.8304
7.33	-5.1814	-8.12088	-0.831131
7.34	-5.18733	-8.12305	-0.831835
7.35	-5.19337	-8.12491	-0.832511
7.36	-5.19953	-8.12644	-0.833159
7.37	-5.2058	-8.12765	-0.833777
7.38	-5.21218	-8.12854	-0.834366
7.39	-5.21867	-8.1291	-0.834923
7.4	-5.22527	-8.12935	-0.83545
7.41	-5.23196	-8.12929	-0.835944
7.42	-5.23875	-8.12891	-0.836407
7.43	-5.24564	-8.12823	-0.836837
7.44	-5.25262	-8.12725	-0.837234
7.45	-5.25968	-8.12598	-0.837598
7.46	-5.26684	-8.12442	-0.83793
7.47	-5.27407	-8.12259	-0.838228
7.48	-5.28138	-8.12049	-0.838494
7.49	-5.28876	-8.11813	-0.838727
7.5	-5.29621	-8.11552	-0.838928
7.51	-5.30373	-8.11269	-0.839098
7.52	-5.31132	-8.10962	-0.839236
7.53	-5.31896	-8.10635	-0.839344
7.54	-5.32666	-8.10287	-0.839423
7.55	-5.33441	-8.09922	-0.839472
7.56	-5.34221	-8.09539	-0.839495
7.57	-5.35006	-8.0914	-0.83949
7.58	-5.35794	-8.08727	-0.839461
7.59	-5.36587	-8.08301	-0.839408
7.6	-5.37383	-8.07863	-0.839332
7.61	-5.38182	-8.07416	-0.839235
7.62	-5.38984	-8.0696	-0.839118
7.63	-5.39789	-8.06497	-0.838984
7.64	-5.40595	-8.06029	-0.838834
7.65	-5.41403	-8.05558	-0.838669
7.66	-5.42213	-8.05083	-0.838491
7.67	-5.43023	-8.04608	-0.838301
7.68	-5.43834	-8.04134	-0.838102
7.69	-5.44646	-8.03662	-0.837895
7.7	-5.45457	-8.03193	-0.837681
7.71	-5.46268	-8.02729	-0.837461
7.72	-5.47079	-8.02272	-0.837237
7.73	-5.47888	-8.01822	-0.837011
7.74	-5.48696	-8.01381	-0.836783
7.75	-5.49503	-8.00951	-0.836553
7.76	-5.50307	-8.00532	-0.836324
7.77	-5.5111	-8.00125	-0.836095
7.78	-5.51909	-7.99733	-0.835867
7.79	-5.52706	-7.99355	-0.835641
7.8	-5.535	-7.98992	-0.835415
7.81	-5.5429	-7.98647	-0.835191
7.82	-5.55077	-7.98319	-0.834969
7.83	-5.55859	-7.9801	-0.834747
7.84	-5.56638	-7.97719	-0.834526
7.85	-5.57411	-7.97449	-0.834305
7.86	-5.5818	-7.97199	-0.834083
7.87	-5.58944	-7.9697	-0.83386
7.88	-5.59702	-7.96762	-0.833634
7.89	-5.60455	-7.96576	-0.833404
7.9	-5.61202	-7.96412	-0.83317
7.91	-5.61943	-7.96271	-0.832929
7.92	-5.62678	-7.96152	-0.832681
7.93	-5.63406	-7.96056	-0.832425
7.94	-5.64127	-7.95983	-0.832159
7.95	-5.64841	-7.95932	-0.831881
7.96	-5.65548	-7.95904	-0.831591
7.97	-5.66247	-7.95898	-0.831286
7.98	-5.66939	-7.95914	-0.830967
7.99	-5.67623	-7.95953	-0.83063
8	-5.68299	-7.96012	-0.830276
8.01	-5.68966	-7.96093	-0.829902
8.02	-5.69625	-7.96195	-0.829508
8.03	-5.70275	-7.96316	-0.829093
8.04	-5.70917	-7.96457	-0.828655
8.05	-5.71549	-7.96616	-0.828195
8.06	-5.72172	-7.96794	-0.827711
8.07	-5.72786	-7.96989	-0.827203
8.08	-5.7339	-7.972	-0.82667
8.09	-5.73985	-7.97427	-0.826112
8.1	-5.74569	-7.97669	-0.825529
8.11	-5.75144	-7.97925	-0.824922
8.12	-5.75708	-7.98193	-0.824289
8.13	-5.76262	-7.98474	-0.823633
8.14	-5.76806	-7.98765	-0.822953
8.15	-5.77338	-7.99066	-0.822249
8.16	-5.7786	-7.99377	-0.821524
8.17	-5.78371	-7.99695	-0.820777
8.18	-5.78871	-8.00019	-0.820009
8.19	-5.7936	-8.0035	-0.819223
8.2	-5.79837	-8.00684	-0.81842
8.21	-5.80303	-8.01023	-0.8176
8.22	-5.80758	-8.01363	-0.816765
8.23	-5.812	-8.01705	-0.815918
8.24	-5.81631	-8.02048	-0.815059
8.25	-5.8205	-8.02389	-0.81419
8.26	-5.82456	-8.02728	-0.813314
8.27	-5.82851	-8.03065	-0.812432
8.28	-5.83233	-8.03397	-0.811545
8.29	-5.83603	-8.03725	-0.810657
8.3	-5.83961	-8.04046	-0.809767
8.31	-5.84306	-8.04361	-0.808879
8.32	-5.84638	-8.04668	-0.807995
8.33	-5.84958	-8.04966	-0.807115
8.34	-5.85264	-8.05255	-0.806241
8.35	-5.85558	-8.05534	-0.805376
8.36	-5.85839	-8.05801	-0.804521
8.37	-5.86106	-8.06057	-0.803678
8.38	-5.86361	-8.063	-0.802847
8.39	-5.86602	-8.0653	-0.802031
8.4	-5.8683	-8.06747	-0.801231
8.41	-5.87045	-8.06949	-0.800449
8.42	-5.87246	-8.07137	-0.799684
8.43	-5.87434	-8.07309	-0.79894
8.44	-5.87608	-8.07466	-0.798217
8.45	-5.87768	-8.07608	-0.797515
8.46	-5.87915	-8.07733	-0.796837
8.47	-5.88049	-8.07841	-0.796182
8.48	-5.88168	-8.07933	-0.795552
8.49	-5.88274	-8.08009	-0.794948
8.5	-5.88365	-8.08068	-0.794369
8.51	-5.88443	-8.0811	-0.793818
8.52	-5.88508	-8.08135	-0.793294
8.53	-5.88558	-8.08144	-0.792797
8.54	-5.88594	-8.08136	-0.792329
8.55	-5.88616	-8.08112	-0.79189
8.56	-5.88625	-8.08072	-0.791479
8.57	-5.88619	-8.08015	-0.791098
8.58	-5.886	-8.07944	-0.790745
8.59	-5.88566	-8.07857	-0.790422
8.6	-5.88519	-8.07756	-0.790128
8.61	-5.88457	-8.0764	-0.789864
8.62	-5.88382	-8.0751	-0.789628
8.63	-5.88292	-8.07367	-0.789422
8.64	-5.88189	-8.07211	-0.789244
8.65	-5.88072	-8.07044	-0.789095
8.66	-5.87941	-8.06864	-0.788974
8.67	-5.87796	-8.06674	-0.788881
8.68	-5.87638	-8.06473	-0.788816
8.69	-5.87466	-8.06263	-0.788777
8.7	-5.8728	-8.06045	-0.788765
8.71	-5.8708	-8.05818	-0.788779
8.72	-5.86867	-8.05584	-0.788819
8.73	-5.86641	-8.05343	-0.788883
8.74	-5.86401	-8.05096	-0.788972
8.75	-5.86148	-8.04845	-0.789084
8.76	-5.85881	-8.04589	-0.789219
8.77	-5.85602	-8.0433	-0.789376
8.78	-5.85309	-8.04069	-0.789554
8.79	-5.85003	-8.03805	-0.789753
8.8	-5.84685	-8.03541	-0.789971
8.81	-5.84354	-8.03277	-0.790209
8.82	-5.8401	-8.03012	-0.790464
8.83	-5.83654	-8.0275	-0.790736
8.84	-5.83285	-8.02489	-0.791025
8.85	-5.82905	-8.02231	-0.791329
8.86	-5.82512	-8.01977	-0.791647
8.87	-5.82107	-8.01727	-0.791978
8.88	-5.81691	-8.01482	-0.792323
8.89	-5.81263	-8.01243	-0.792679
8.9	-5.80823	-8.0101	-0.793046
8.91	-5.80372	-8.00783	-0.793423
8.92	-5.7991	-8.00564	-0.79381
8.93	-5.79438	-8.00353	-0.794205
8.94	-5.78954	-8.00151	-0.794608
8.95	-5.7846	-7.99957	-0.795018
8.96	-5.77956	-7.99773	-0.795434
8.97	-5.77441	-7.99599	-0.795857
8.98	-5.76917	-7.99435	-0.796286
8.99	-5.76383	-7.99281	-0.796719
9	-5.75839	-7.99138	-0.797157
9.01	-5.75286	-7.99007	-0.7976
9.02	-5.74725	-7.98887	-0.798046
9.03	-5.74154	-7.98778	-0.798496
9.04	-5.73575	-7.98682	-0.79895
9.05	-5.72987	-7.98597	-0.799408
9.06	-5.72392	-7.98524	-0.799869
9.07	-5.71789	-7.98463	-0.800333
9.08	-5.71178	-7.98414	-0.800801
9.09	-5.70559	-7.98377	-0.801272
9.1	-5.69934	-7.98352	-0.801747
9.11	-5.69302	-7.98339	-0.802225
9.12	-5.68664	-7.98338	-0.802707
9.13	-5.68019	-7.98348	-0.803193
9.14	-5.67369	-7.98369	-0.803683
9.15	-5.66712	-7.98402	-0.804177
9.16	-5.66051	-7.98446	-0.804676
9.17	-5.65384	-7.985	-0.805179
9.18	-5.64712	-7.98564	-0.805688
9.19	-5.64036	-7.98638	-0.806201
9.2	-5.63356	-7.98722	-0.806719
9.21	-5.62671	-7.98815	-0.807243
9.22	-5.61983	-7.98916	-0.807772
9.23	-5.61292	-7.99026	-0.808306
9.24	-5.60597	-7.99143	-0.808846
9.25	-5.599	-7.99268	-0.809392
9.26	-5.59201	-7.994	-0.809942
9.27	-5.58499	-7.99538	-0.810499
9.28	-5.57795	-7.99682	-0.81106
9.29	-5.5709	-7.99831	-0.811627
9.3	-5.56383	-7.99985	-0.812199
9.31	-5.55675	-8.00143	-0.812775
9.32	-5.54967	-8.00305	-0.813355
9.33	-5.54258	-8.00469	-0.81394
9.34	-5.53549	-8.00636	-0.814528
9.35	-5.5284	-8.00806	-0.815119
9.36	-5.52132	-8.00976	-0.815713
9.37	-5.51424	-8.01148	-0.816309
9.38	-5.50718	-8.01319	-0.816906
9.39	-5.50012	-8.0149	-0.817504
9.4	-5.49309	-8.01661	-0.818102
9.41	-5.48607	-8.0183	-0.818699
9.42	-5.47907	-8.01998	-0.819296
9.43	-5.4721	-8.02162	-0.81989
9.44	-5.46515	-8.02325	-0.820482
9.45	-5.45824	-8.02483	-0.82107
9.46	-5.45135	-8.02638	-0.821653
9.47	-5.4445	-8.02789	-0.822232
9.48	-5.43769	-8.02935	-0.822805
9.49	-5.43091	-8.03076	-0.823371
9.5	-5.42418	-8.03212	-0.82393
9.51	-5.41749	-8.03342	-0.824481
9.52	-5.41085	-8.03466	-0.825023
9.53	-5.40426	-8.03583	-0.825555
9.54	-5.39772	-8.03693	-0.826078
9.55	-5.39123	-8.03797	-0.826589
9.56	-5.3848	-8.03893	-0.827089
9.57	-5.37843	-8.03982	-0.827578
9.58	-5.37212	-8.04063	-0.828053
9.59	-5.36587	-8.04137	-0.828516
9.6	-5.35969	-8.04202	-0.828965
9.61	-5.35357	-8.0426	-0.8294
9.62	-5.34752	-8.04309	-0.829821
9.63	-5.34154	-8.0435	-0.830227
9.64	-5.33563	-8.04383	-0.830619
9.65	-5.32979	-8.04408	-0.830994
9.66	-5.32404	-8.04424	-0.831354
9.67	-5.31835	-8.04433	-0.831699
9.68	-5.31275	-8.04433	-0.832027
9.69	-5.30723	-8.04426	-0.832339
9.7	-5.30178	-8.0441	-0.832634
9.71	-5.29643	-8.04387	-0.832913
9.72	-5.29115	-8.04357	-0.833175
9.73	-5.28597	-8.04319	-0.833421
9.74	-5.28087	-8.04274	-0.833649
9.75	-5.27585	-8.04222	-0.833861
9.76	-5.27093	-8.04164	-0.834055
9.77	-5.2661	-8.04099	-0.834233
9.78	-5.26136	-8.04028	-0.834393
9.79	-5.25672	-8.03951	-0.834537
9.8	-5.25217	-8.03869	-0.834663
9.81	-5.24771	-8.03782	-0.834773
9.82	-5.24335	-8.0369	-0.834865
9.83	-5.23909	-8.03593	-0.83494
9.84	-5.23493	-8.03493	-0.834998
9.85	-5.23086	-8.03388	-0.83504
9.86	-5.2269	-8.03281	-0.835064
9.87	-5.22303	-8.0317	-0.835071
9.88	-5.21927	-8.03057	-0.835062
9.89	-5.21561	-8.02942	-0.835035
9.9	-5.21205	-8.02826	-0.834992
9.91	-5.20859	-8.02707	-0.834932
9.92	-5.20524	-8.02588	-0.834855
9.93	-5.20199	-8.02469	-0.834761
9.94	-5.19884	-8.02349	-0.834651
9.95	-5.1958	-8.0223	-0.834524
9.96	-5.19287	-8.02111	-0.834381
9.97	-5.19004	-8.01993	-0.834221
9.98	-5.18731	-8.01877	-0.834044
9.99	-5.1847	-8.01763	-0.833852
10	-5.18219	-8.0165	-0.833643
10.01	-5.17978	-8.0154	-0.833418
10.02	-5.17749	-8.01433	-0.833178
10.03	-5.1753	-8.0133	-0.832921
10.04	-5.17322	-8.01229	-0.832649
10.05	-5.17124	-8.01133	-0.832362
10.06	-5.16938	-8.0104	-0.832059
10.07	-5.16762	-8.00952	-0.831741
10.08	-5.16597	-8.00868	-0.831409
10.09	-5.16443	-8.00789	-0.831062
10.1	-5.16299	-8.00716	-0.830701
10.11	-5.16167	-8.00647	-0.830326
10.12	-5.16045	-8.00584	-0.829937
10.13	-5.15934	-8.00527	-0.829535
10.14	-5.15834	-8.00475	-0.829119
10.15	-5.15744	-8.00429	-0.828691
10.16	-5.15666	-8.00389	-0.828251
10.17	-5.15598	-8.00356	-0.827798
10.18	-5.1554	-8.00328	-0.827334
10.19	-5.15494	-8.00307	-0.826859
10.2	-5.15458	-8.00292	-0.826373
10.21	-5.15433	-8.00283	-0.825876
10.22	-5.15419	-8.0028	-0.82537
10.23	-5.15415	-8.00284	-0.824854
10.24	-5.15422	-8.00294	-0.824328
10.25	-5.1544	-8.0031	-0.823794
10.26	-5.15468	-8.00332	-0.823251
10.27	-5.15506	-8.00359	-0.822701
10.28	-5.15555	-8.00393	-0.822143
10.29	-5.15615	-8.00433	-0.821578
10.3	-5.15685	-8.00478	-0.821006
10.31	-5.15765	-8.00528	-0.820429
10.32	-5.15856	-8.00584	-0.819846
10.33	-5.15957	-8.00645	-0.819258
10.34	-5.16068	-8.0071	-0.818665
10.35	-5.1619	-8.00781	-0.818068
10.36	-5.16322	-8.00855	-0.817467
10.37	-5.16464	-8.00934	-0.816863
10.38	-5.16615	-8.01017	-0.816256
10.39	-5.16777	-8.01103	-0.815648
10.4	-5.16949	-8.01193	-0.815037
10.41	-5.17131	-8.01286	-0.814426
10.42	-5.17323	-8.01382	-0.813814
10.43	-5.17524	-8.0148	-0.813202
10.44	-5.17735	-8.01581	-0.81259
10.45	-5.17956	-8.01683	-0.81198
10.46	-5.18186	-8.01787	-0.811371
10.47	-5.18426	-8.01893	-0.810765
10.48	-5.18675	-8.02	-0.810161
10.49	-5.18934	-8.02107	-0.80956
10.5	-5.19202	-8.02215	-0.808964
10.51	-5.19479	-8.02323	-0.808372
10.52	-5.19765	-8.02431	-0.807785
10.53	-5.2006	-8.02539	-0.807204
10.54	-5.20364	-8.02646	-0.806629
10.55	-5.20677	-8.02752	-0.806061
10.56	-5.20999	-8.02857	-0.805501
10.57	-5.21329	-8.0296	-0.804949
10.58	-5.21668	-8.03061	-0.804406
10.59	-5.22015	-8.0316	-0.803872
10.6	-5.22371	-8.03257	-0.803348
10.61	-5.22735	-8.03352	-0.802834
10.62	-5.23107	-8.03444	-0.802332
10.63	-5.23487	-8.03532	-0.801841
10.64	-5.23875	-8.03618	-0.801362
10.65	-5.24271	-8.037	-0.800897
10.66	-5.24674	-8.03779	-0.800444
10.67	-5.25085	-8.03854	-0.800006
10.68	-5.25504	-8.03925	-0.799582
10.69	-5.2593	-8.03992	-0.799172
10.7	-5.26362	-8.04055	-0.798778
10.71	-5.26802	-8.04114	-0.798399
10.72	-5.27249	-8.04168	-0.798037
10.73	-5.27703	-8.04218	-0.797691
10.74	-5.28163	-8.04263	-0.797361
10.75	-5.28629	-8.04304	-0.797049
10.76	-5.29102	-8.0434	-0.796753
10.77	-5.29581	-8.04371	-0.796476
10.78	-5.30066	-8.04398	-0.796216
10.79	-5.30557	-8.0442	-0.795974
10.8	-5.31054	-8.04437	-0.79575
10.81	-5.31556	-8.0445	-0.795544
10.82	-5.32064	-8.04458	-0.795356
10.83	-5.32577	-8.04461	-0.795187
10.84	-5.33094	-8.0446	-0.795036
10.85	-5.33617	-8.04454	-0.794903
10.86	-5.34145	-8.04445	-0.794789
10.87	-5.34677	-8.04431	-0.794693
10.88	-5.35213	-8.04412	-0.794614
10.89	-5.35754	-8.0439	-0.794554
10.9	-5.36298	-8.04364	-0.794511
10.91	-5.36847	-8.04334	-0.794486
10.92	-5.37399	-8.04301	-0.794478
10.93	-5.37955	-8.04264	-0.794488
10.94	-5.38514	-8.04224	-0.794514
10.95	-5.39076	-8.0418	-0.794557
10.96	-5.39641	-8.04134	-0.794616
10.97	-5.40208	-8.04085	-0.794691
10.98	-5.40778	-8.04034	-0.794782
10.99	-5.41351	-8.0398	-0.794888
11	-5.41926	-8.03924	-0.79501
11.01	-5.42502	-8.03866	-0.795146
11.02	-5.43081	-8.03807	-0.795296
11.03	-5.43661	-8.03746	-0.795461
11.04	-5.44242	-8.03683	-0.795639
11.05	-5.44825	-8.0362	-0.79583
11.06	-5.45408	-8.03555	-0.796035
11.07	-5.45992	-8.0349	-0.796251
11.08	-5.46577	-8.03425	-0.796481
11.09	-5.47163	-8.03359	-0.796722
11.1	-5.47748	-8.03293	-0.796974
11.11	-5.48334	-8.03227	-0.797238
11.12	-5.48919	-8.03162	-0.797512
11.13	-5.49504	-8.03097	-0.797797
11.14	-5.50088	-8.03033	-0.798092
11.15	-5.50671	-8.0297	-0.798396
11.16	-5.51253	-8.02908	-0.79871
11.17	-5.51835	-8.02847	-0.799033
11.18	-5.52414	-8.02788	-0.799365
11.19	-5.52992	-8.0273	-0.799706
11.2	-5.53569	-8.02674	-0.800054
11.21	-5.54143	-8.0262	-0.80041
11.22	-5.54715	-8.02568	-0.800774
11.23	-5.55285	-8.02518	-0.801146
11.24	-5.55852	-8.0247	-0.801524
11.25	-5.56416	-8.02425	-0.801908
11.26	-5.56977	-8.02382	-0.8023
11.27	-5.57536	-8.02342	-0.802697
11.28	-5.5809	-8.02305	-0.8031
11.29	-5.58642	-8.0227	-0.803509
11.3	-5.59189	-8.02238	-0.803923
11.31	-5.59733	-8.02209	-0.804342
11.32	-5.60272	-8.02183	-0.804766
11.33	-5.60808	-8.02159	-0.805195
11.34	-5.61338	-8.02139	-0.805628
11.35	-5.61864	-8.02122	-0.806065
11.36	-5.62386	-8.02107	-0.806506
11.37	-5.62902	-8.02095	-0.80695
11.38	-5.63413	-8.02087	-0.807398
11.39	-5.63919	-8.02081	-0.807849
11.4	-5.64419	-8.02078	-0.808303
11.41	-5.64914	-8.02078	-0.80876
11.42	-5.65403	-8.02081	-0.809219
11.43	-5.65886	-8.02086	-0.80968
11.44	-5.66363	-8.02094	-0.810143
11.45	-5.66833	-8.02105	-0.810608
11.46	-5.67297	-8.02118	-0.811074
11.47	-5.67754	-8.02133	-0.811542
11.48	-5.68205	-8.02151	-0.81201
11.49	-5.68649	-8.02171	-0.81248
11.5	-5.69085	-8.02192	-0.812949
11.51	-5.69515	-8.02216	-0.81342
11.52	-5.69937	-8.02242	-0.81389
11.53	-5.70352	-8.02269	-0.81436
11.54	-5.70759	-8.02298	-0.81483
11.55	-5.71158	-8.02328	-0.815299
11.56	-5.7155	-8.0236	-0.815767
11.57	-5.71934	-8.02392	-0.816234
11.58	-5.72309	-8.02426	-0.816699
11.59	-5.72677	-8.0246	-0.817163
11.6	-5.73036	-8.02496	-0.817625
11.61	-5.73386	-8.02531	-0.818085
11.62	-5.73729	-8.02567	-0.818542
11.63	-5.74062	-8.02604	-0.818996
11.64	-5.74387	-8.0264	-0.819448
11.65	-5.74703	-8.02677	-0.819896
11.66	-5.7501	-8.02713	-0.82034
11.67	-5.75308	-8.02749	-0.820781
11.68	-5.75597	-8.02785	-0.821217
11.69	-5.75877	-8.02819	-0.821648
11.7	-5.76148	-8.02854	-0.822075
11.71	-5.76409	-8.02887	-0.822497
11.72	-5.76661	-8.02919	-0.822912
11.73	-5.76903	-8.0295	-0.823323
11.74	-5.77136	-8.0298	-0.823726
11.75	-5.77359	-8.03009	-0.824124
11.76	-5.77573	-8.03036	-0.824514
11.77	-5.77777	-8.03062	-0.824897
11.78	-5.77971	-8.03086	-0.825272
11.79	-5.78156	-8.03108	-0.825639
11.8	-5.7833	-8.03128	-0.825998
11.81	-5.78495	-8.03147	-0.826348
11.82	-5.78649	-8.03163	-0.826689
11.83	-5.78794	-8.03178	-0.827021
11.84	-5.78929	-8.0319	-0.827342
11.85	-5.79054	-8.032	-0.827654
11.86	-5.79168	-8.03208	-0.827954
11.87	-5.79273	-8.03214	-0.828244
11.88	-5.79367	-8.03217	-0.828522
11.89	-5.79452	-8.03219	-0.828789
11.9	-5.79526	-8.03218	-0.829043
11.91	-5.7959	-8.03214	-0.829285
11.92	-5.79644	-8.03209	-0.829515
11.93	-5.79688	-8.03201	-0.829731
11.94	-5.79722	-8.03191	-0.829934
11.95	-5.79746	-8.03178	-0.830123
11.96	-5.7976	-8.03163	-0.830298
11.97	-5.79763	-8.03147	-0.830458
11.98	-5.79757	-8.03127	-0.830604
11.99	-5.7974	-8.03106	-0.830736
12	-5.79714	-8.03083	-0.830852
12.01	-5.79678	-8.03058	-0.830953
12.02	-5.79631	-8.03031	-0.831039
12.03	-5.79575	-8.03002	-0.831109
12.04	-5.79509	-8.02971	-0.831163
12.05	-5.79432	-8.02938	-0.831201
12.06	-5.79347	-8.02904	-0.831223
12.07	-5.79251	-8.02869	-0.831229
12.08	-5.79146	-8.02832	-0.831219
12.09	-5.79031	-8.02793	-0.831193
12.1	-5.78906	-8.02753	-0.831151
12.11	-5.78772	-8.02712	-0.831092
12.12	-5.78629	-8.02671	-0.831017
12.13	-5.78476	-8.02628	-0.830926
12.14	-5.78314	-8.02584	-0.830819
12.15	-5.78142	-8.0254	-0.830695
12.16	-5.77962	-8.02494	-0.830556
12.17	-5.77772	-8.02449	-0.830401
12.18	-5.77573	-8.02403	-0.830231
12.19	-5.77366	-8.02357	-0.830045
12.2	-5.77149	-8.02311	-0.829844
12.21	-5.76924	-8.02264	-0.829628
12.22	-5.7669	-8.02218	-0.829397
12.23	-5.76448	-8.02172	-0.829152
12.24	-5.76197	-8.02126	-0.828893
12.25	-5.75938	-8.02081	-0.82862
12.26	-5.75671	-8.02036	-0.828333
12.27	-5.75395	-8.01991	-0.828034
12.28	-5.75112	-8.01948	-0.827721
12.29	-5.7482	-8.01905	-0.827396
12.3	-5.74521	-8.01863	-0.82706
12.31	-5.74214	-8.01822	-0.826711
12.32	-5.73899	-8.01783	-0.826351
12.33	-5.73577	-8.01744	-0.825981
12.34	-5.73248	-8.01707	-0.8256
12.35	-5.72911	-8.01671	-0.82521
12.36	-5.72568	-8.01636	-0.82481
12.37	-5.72217	-8.01603	-0.824401
12.38	-5.7186	-8.01571	-0.823984
12.39	-5.71496	-8.01542	-0.823559
12.4	-5.71125	-8.01513	-0.823126
12.41	-5.70748	-8.01487	-0.822686
12.42	-5.70365	-8.01462	-0.82224
12.43	-5.69976	-8.01439	-0.821788
12.44	-5.69581	-8.01417	-0.821331
12.45	-5.6918	-8.01398	-0.820868
12.46	-5.68773	-8.01381	-0.820402
12.47	-5.68361	-8.01365	-0.819931
12.48	-5.67943	-8.01351	-0.819456
12.49	-5.6752	-8.01339	-0.818979
12.5	-5.67092	-8.01329	-0.8185
12.51	-5.66659	-8.01321	-0.818018
12.52	-5.66222	-8.01315	-0.817535
12.53	-5.6578	-8.01311	-0.817051
12.54	-5.65333	-8.01308	-0.816566
12.55	-5.64882	-8.01308	-0.816082
12.56	-5.64427	-8.01309	-0.815598
12.57	-5.63968	-8.01312	-0.815114
12.58	-5.63506	-8.01317	-0.814632
12.59	-5.63039	-8.01323	-0.814152
12.6	-5.62569	-8.01332	-0.813674
12.61	-5.62096	-8.01341	-0.813199
12.62	-5.6162	-8.01353	-0.812727
12.63	-5.61141	-8.01365	-0.812258
12.64	-5.60659	-8.01379	-0.811793
12.65	-5.60174	-8.01395	-0.811332
12.66	-5.59687	-8.01412	-0.810876
12.67	-5.59197	-8.0143	-0.810424
12.68	-5.58706	-8.01449	-0.809979
12.69	-5.58212	-8.0147	-0.809538
12.7	-5.57717	-8.01491	-0.809104
12.71	-5.5722	-8.01514	-0.808676
12.72	-5.56721	-8.01537	-0.808254
12.73	-5.56222	-8.01561	-0.80784
12.74	-5.55721	-8.01586	-0.807432
12.75	-5.55219	-8.01611	-0.807032
12.76	-5.54717	-8.01637	-0.80664
12.77	-5.54213	-8.01663	-0.806256
12.78	-5.5371	-8.0169	-0.80588
12.79	-5.53206	-8.01717	-0.805512
12.8	-5.52702	-8.01745	-0.805153
12.81	-5.52198	-8.01772	-0.804802
12.82	-5.51694	-8.018	-0.804461
12.83	-5.51191	-8.01828	-0.804128
12.84	-5.50688	-8.01856	-0.803806
12.85	-5.50186	-8.01883	-0.803492
12.86	-5.49685	-8.0191	-0.803188
12.87	-5.49184	-8.01937	-0.802894
12.88	-5.48685	-8.01964	-0.80261
12.89	-5.48188	-8.01991	-0.802336
12.9	-5.47692	-8.02017	-0.802072
12.91	-5.47197	-8.02042	-0.801818
12.92	-5.46704	-8.02067	-0.801574
12.93	-5.46214	-8.02091	-0.801341
12.94	-5.45725	-8.02115	-0.801119
12.95	-5.45239	-8.02138	-0.800907
12.96	-5.44755	-8.0216	-0.800705
12.97	-5.44274	-8.02181	-0.800514
12.98	-5.43795	-8.02202	-0.800334
12.99	-5.43319	-8.02221	-0.800165
13	-5.42847	-8.0224	-0.800006
13.01	-5.42377	-8.02258	-0.799858
13.02	-5.41911	-8.02275	-0.799721
13.03	-5.41448	-8.02291	-0.799595
13.04	-5.40989	-8.02306	-0.79948
13.05	-5.40533	-8.0232	-0.799376
13.06	-5.40082	-8.02334	-0.799283
13.07	-5.39634	-8.02346	-0.7992
13.08	-5.3919	-8.02357	-0.799129
13.09	-5.38751	-8.02367	-0.799068
13.1	-5.38316	-8.02377	-0.799018
13.11	-5.37886	-8.02385	-0.79898
13.12	-5.3746	-8.02393	-0.798952
13.13	-5.37039	-8.02399	-0.798935
13.14	-5.36622	-8.02405	-0.798929
13.15	-5.36211	-8.0241	-0.798933
13.16	-5.35805	-8.02414	-0.798949
13.17	-5.35404	-8.02417	-0.798976
13.18	-5.35008	-8.02419	-0.799013
13.19	-5.34618	-8.02421	-0.799061
13.2	-5.34233	-8.02422	-0.79912
13.21	-5.33854	-8.02422	-0.799189
13.22	-5.3348	-8.02422	-0.799269
13.23	-5.33113	-8.02421	-0.79936
13.24	-5.32751	-8.02419	-0.799461
13.25	-5.32395	-8.02417	-0.799573
13.26	-5.32046	-8.02415	-0.799695
13.27	-5.31702	-8.02412	-0.799828
13.28	-5.31365	-8.02409	-0.799971
13.29	-5.31034	-8.02405	-0.800124
13.3	-5.3071	-8.02401	-0.800287
13.31	-5.30392	-8.02397	-0.80046
13.32	-5.30081	-8.02393	-0.800644
13.33	-5.29777	-8.02389	-0.800837
13.34	-5.29479	-8.02385	-0.80104
13.35	-5.29188	-8.0238	-0.801253
13.36	-5.28904	-8.02376	-0.801475
13.37	-5.28627	-8.02372	-0.801707
13.38	-5.28357	-8.02368	-0.801948
13.39	-5.28094	-8.02364	-0.802198
13.4	-5.27838	-8.02361	-0.802457
13.41	-5.2759	-8.02357	-0.802725
13.42	-5.27348	-8.02354	-0.803001
13.43	-5.27114	-8.02352	-0.803286
13.44	-5.26888	-8.02349	-0.803579
13.45	-5.26668	-8.02348	-0.803881
13.46	-5.26456	-8.02346	-0.80419
13.47	-5.26252	-8.02345	-0.804506
13.48	-5.26055	-8.02345	-0.80483
13.49	-5.25866	-8.02346	-0.805162
13.5	-5.25684	-8.02347	-0.8055
13.51	-5.25511	-8.02348	-0.805845
13.52	-5.25344	-8.0235	-0.806196
13.53	-5.25186	-8.02353	-0.806553
13.54	-5.25035	-8.02357	-0.806917
13.55	-5.24892	-8.02361	-0.807286
13.56	-5.24756	-8.02366	-0.80766
13.57	-5.24629	-8.02372	-0.808039
13.58	-5.24509	-8.02379	-0.808423
13.59	-5.24397	-8.02386	-0.808811
13.6	-5.24293	-8.02394	-0.809203
13.61	-5.24196	-8.02403	-0.809599
13.62	-5.24108	-8.02412	-0.809998
13.63	-5.24027	-8.02423	-0.810401
13.64	-5.23955	-8.02434	-0.810806
13.65	-5.2389	-8.02445	-0.811214
13.66	-5.23833	-8.02458	-0.811623
13.67	-5.23784	-8.02471	-0.812035
13.68	-5.23742	-8.02485	-0.812448
13.69	-5.23709	-8.025	-0.812861
13.7	-5.23683	-8.02515	-0.813276
13.71	-5.23665	-8.0253	-0.813691
13.72	-5.23655	-8.02547	-0.814106
13.73	-5.23653	-8.02564	-0.81452
13.74	-5.23659	-8.02581	-0.814934
13.75	-5.23672	-8.02599	-0.815347
13.76	-5.23693	-8.02618	-0.815758
13.77	-5.23721	-8.02637	-0.816167
13.78	-5.23758	-8.02656	-0.816574
13.79	-5.23802	-8.02675	-0.816979
13.8	-5.23853	-8.02695	-0.817381
13.81	-5.23913	-8.02716	-0.81778
13.82	-5.23979	-8.02736	-0.818175
13.83	-5.24054	-8.02757	-0.818567
13.84	-5.24135	-8.02778	-0.818954
13.85	-5.24225	-8.02798	-0.819337
13.86	-5.24321	-8.02819	-0.819714
13.87	-5.24425	-8.02841	-0.820087
13.88	-5.24536	-8.02862	-0.820454
13.89	-5.24654	-8.02883	-0.820815
13.9	-5.2478	-8.02903	-0.821169
13.91	-5.24913	-8.02924	-0.821518
13.92	-5.25052	-8.02945	-0.821859
13.93	-5.25199	-8.02965	-0.822193
13.94	-5.25353	-8.02985	-0.82252
13.95	-5.25514	-8.03005	-0.822838
13.96	-5.25681	-8.03024	-0.823149
13.97	-5.25856	-8.03043	-0.823451
13.98	-5.26037	-8.03062	-0.823745
13.99	-5.26224	-8.0308	-0.824029
14	-5.26418	-8.03097	-0.824305
14.01	-5.26619	-8.03114	-0.82457
14.02	-5.26826	-8.03131	-0.824826
14.03	-5.2704	-8.03147	-0.825072
14.04	-5.27259	-8.03162	-0.825308
14.05	-5.27485	-8.03176	-0.825533
14.06	-5.27718	-8.0319	-0.825747
14.07	-5.27956	-8.03203	-0.825951
14.08	-5.282	-8.03216	-0.826143
14.09	-5.2845	-8.03228	-0.826323
14.1	-5.28705	-8.03238	-0.826492
14.11	-5.28967	-8.03249	-0.82665
14.12	-5.29234	-8.03258	-0.826795
14.13	-5.29506	-8.03266	-0.826929
14.14	-5.29784	-8.03274	-0.82705
14.15	-5.30067	-8.03281	-0.827159
14.16	-5.30356	-8.03287	-0.827255
14.17	-5.30649	-8.03292	-0.827339
14.18	-5.30948	-8.03296	-0.827411
14.19	-5.31252	-8.03299	-0.827469
14.2	-5.3156	-8.03301	-0.827516
14.21	-5.31873	-8.03303	-0.827549
14.22	-5.32191	-8.03304	-0.82757
14.23	-5.32513	-8.03303	-0.827578
14.24	-5.3284	-8.03302	-0.827573
14.25	-5.33171	-8.03301	-0.827555
14.26	-5.33506	-8.03298	-0.827526
14.27	-5.33845	-8.03294	-0.827483
14.28	-5.34188	-8.0329	-0.827428
14.29	-5.34535	-8.03285	-0.827361
14.3	-5.34886	-8.03279	-0.827281
14.31	-5.3524	-8.03272	-0.82719
14.32	-5.35598	-8.03265	-0.827086
14.33	-5.35959	-8.03257	-0.826971
14.34	-5.36324	-8.03248	-0.826844
14.35	-5.36691	-8.03238	-0.826706
14.36	-5.37062	-8.03228	-0.826556
14.37	-5.37435	-8.03217	-0.826396
14.38	-5.37812	-8.03206	-0.826225
14.39	-5.38191	-8.03194	-0.826043
14.4	-5.38572	-8.03182	-0.825851
14.41	-5.38956	-8.03169	-0.825649
14.42	-5.39343	-8.03156	-0.825438
14.43	-5.39731	-8.03142	-0.825216
14.44	-5.40122	-8.03128	-0.824986
14.45	-5.40514	-8.03113	-0.824747
14.46	-5.40908	-8.03098	-0.8245
14.47	-5.41304	-8.03083	-0.824244
14.48	-5.41701	-8.03067	-0.82398
14.49	-5.421	-8.03052	-0.823709
14.5	-5.425	-8.03036	-0.823431
14.51	-5.42901	-8.03019	-0.823145
14.52	-5.43303	-8.03003	-0.822853
14.53	-5.43706	-8.02987	-0.822555
14.54	-5.4411	-8.0297	-0.822251
14.55	-5.44515	-8.02953	-0.821941
14.56	-5.44919	-8.02937	-0.821626
14.57	-5.45325	-8.0292	-0.821306
14.58	-5.4573	-8.02903	-0.820982
14.59	-5.46136	-8.02887	-0.820653
14.6	-5.46541	-8.0287	-0.820321
14.61	-5.46947	-8.02854	-0.819985
14.62	-5.47352	-8.02837	-0.819646
14.63	-5.47756	-8.02821	-0.819303
14.64	-5.48161	-8.02805	-0.818959
14.65	-5.48564	-8.02789	-0.818612
14.66	-5.48967	-8.02774	-0.818263
14.67	-5.49368	-8.02758	-0.817913
14.68	-5.49769	-8.02743	-0.817561
14.69	-5.50168	-8.02728	-0.817208
14.7	-5.50566	-8.02713	-0.816855
14.71	-5.50963	-8.02699	-0.816501
14.72	-5.51358	-8.02684	-0.816147
14.73	-5.51752	-8.02671	-0.815793
14.74	-5.52143	-8.02657	-0.81544
14.75	-5.52533	-8.02644	-0.815087
14.76	-5.5292	-8.02631	-0.814735
14.77	-5.53306	-8.02618	-0.814384
14.78	-5.53689	-8.02606	-0.814035
14.79	-5.54069	-8.02594	-0.813688
14.8	-5.54447	-8.02582	-0.813342
14.81	-5.54823	-8.02571	-0.812999
14.82	-5.55195	-8.0256	-0.812658
14.83	-5.55565	-8.02549	-0.812319
14.84	-5.55932	-8.02539	-0.811983
14.85	-5.56295	-8.02529	-0.81165
14.86	-5.56655	-8.02519	-0.811321
14.87	-5.57012	-8.02509	-0.810994
14.88	-5.57366	-8.025	-0.810671
14.89	-5.57715	-8.02491	-0.810352
14.9	-5.58062	-8.02483	-0.810037
14.91	-5.58404	-8.02474	-0.809725
14.92	-5.58742	-8.02466	-0.809418
14.93	-5.59077	-8.02458	-0.809115
14.94	-5.59407	-8.02451	-0.808816
14.95	-5.59733	-8.02443	-0.808522
14.96	-5.60055	-8.02436	-0.808233
14.97	-5.60373	-8.02429	-0.807948
14.98	-5.60686	-8.02422	-0.807668
14.99	-5.60994	-8.02416	-0.807394
15	-5.61298	-8.02409	-0.807124
15.01	-5.61597	-8.02403	-0.80686
15.02	-5.61891	-8.02396	-0.806601
15.03	-5.6218	-8.0239	-0.806348
15.04	-5.62464	-8.02384	-0.806101
15.05	-5.62743	-8.02378	-0.805859
15.06	-5.63017	-8.02372	-0.805623
15.07	-5.63286	-8.02366	-0.805392
15.08	-5.63549	-8.0236	-0.805168
15.09	-5.63807	-8.02354	-0.80495
15.1	-5.64059	-8.02349	-0.804739
15.11	-5.64306	-8.02343	-0.804533
15.12	-5.64547	-8.02337	-0.804334
15.13	-5.64783	-8.02331	-0.804142
15.14	-5.65012	-8.02325	-0.803957
15.15	-5.65236	-8.02319	-0.803778
15.16	-5.65454	-8.02313	-0.803606
15.17	-5.65666	-8.02306	-0.803441
15.18	-5.65872	-8.023	-0.803284
15.19	-5.66073	-8.02294	-0.803133
15.2	-5.66267	-8.02287	-0.802991
15.21	-5.66454	-8.0228	-0.802855
15.22	-5.66636	-8.02274	-0.802728
15.23	-5.66811	-8.02267	-0.802608
15.24	-5.6698	-8.0226	-0.802496
15.25	-5.67143	-8.02252	-0.802392
15.26	-5.673	-8.02245	-0.802297
15.27	-5.6745	-8.02238	-0.80221
15.28	-5.67594	-8.0223	-0.802131
15.29	-5.67731	-8.02222	-0.802061
15.3	-5.67861	-8.02214	-0.801999
15.31	-5.67986	-8.02206	-0.801947
15.32	-5.68103	-8.02198	-0.801903
15.33	-5.68215	-8.0219	-0.801869
15.34	-5.68319	-8.02181	-0.801843
15.35	-5.68417	-8.02173	-0.801827
15.36	-5.68509	-8.02164	-0.801821
15.37	-5.68593	-8.02155	-0.801824
15.38	-5.68672	-8.02146	-0.801836
15.39	-5.68743	-8.02137	-0.801858
15.4	-5.68808	-8.02128	-0.80189
15.41	-5.68867	-8.02119	-0.801931
15.42	-5.68918	-8.0211	-0.801983
15.43	-5.68963	-8.021	-0.802044
15.44	-5.69002	-8.02091	-0.802115
15.45	-5.69034	-8.02081	-0.802196
15.46	-5.69059	-8.02072	-0.802287
15.47	-5.69078	-8.02062	-0.802388
15.48	-5.6909	-8.02053	-0.802499
15.49	-5.69095	-8.02043	-0.80262
15.5	-5.69094	-8.02034	-0.802751
15.51	-5.69087	-8.02025	-0.802891
15.52	-5.69073	-8.02015	-0.803041
15.53	-5.69052	-8.02006	-0.803201
15.54	-5.69025	-8.01997	-0.80337
15.55	-5.68992	-8.01988	-0.803549
15.56	-5.68952	-8.01979	-0.803736
15.57	-5.68906	-8.0197	-0.803933
15.58	-5.68853	-8.01961	-0.804139
15.59	-5.68795	-8.01953	-0.804354
15.6	-5.6873	-8.01944	-0.804578
15.61	-5.68659	-8.01936	-0.80481
15.62	-5.68581	-8.01928	-0.80505
15.63	-5.68498	-8.01921	-0.805298
15.64	-5.68409	-8.01913	-0.805554
15.65	-5.68313	-8.01906	-0.805817
15.66	-5.68212	-8.01899	-0.806088
15.67	-5.68104	-8.01893	-0.806366
15.68	-5.67991	-8.01887	-0.806651
15.69	-5.67872	-8.01881	-0.806942
15.7	-5.67748	-8.01875	-0.807239
15.71	-5.67617	-8.0187	-0.807542
15.72	-5.67481	-8.01865	-0.807851
15.73	-5.6734	-8.0186	-0.808165
15.74	-5.67193	-8.01856	-0.808484
15.75	-5.67041	-8.01852	-0.808808
15.76	-5.66883	-8.01849	-0.809136
15.77	-5.6672	-8.01846	-0.809467
15.78	-5.66552	-8.01843	-0.809803
15.79	-5.66378	-8.01841	-0.810142
15.8	-5.662	-8.01839	-0.810484
15.81	-5.66017	-8.01837	-0.810828
15.82	-5.65829	-8.01837	-0.811175
15.83	-5.65636	-8.01836	-0.811523
15.84	-5.65438	-8.01836	-0.811873
15.85	-5.65236	-8.01836	-0.812224
15.86	-5.65029	-8.01837	-0.812576
15.87	-5.64817	-8.01838	-0.812928
15.88	-5.64602	-8.0184	-0.813281
15.89	-5.64382	-8.01842	-0.813633
15.9	-5.64157	-8.01845	-0.813984
15.91	-5.63929	-8.01848	-0.814334
15.92	-5.63697	-8.01851	-0.814683
15.93	-5.6346	-8.01855	-0.815031
15.94	-5.6322	-8.01859	-0.815376
15.95	-5.62976	-8.01864	-0.815719
15.96	-5.62728	-8.01869	-0.816059
15.97	-5.62477	-8.01875	-0.816395
15.98	-5.62223	-8.0188	-0.816729
15.99	-5.61965	-8.01887	-0.817058
16	-5.61703	-8.01894	-0.817384
16.01	-5.61439	-8.01901	-0.817705
16.02	-5.61171	-8.01908	-0.818021
16.03	-5.60901	-8.01916	-0.818332
16.04	-5.60627	-8.01924	-0.818638
16.05	-5.60351	-8.01933	-0.818938
16.06	-5.60072	-8.01942	-0.819232
16.07	-5.59791	-8.01951	-0.81952
16.08	-5.59507	-8.0196	-0.819801
16.09	-5.59221	-8.0197	-0.820076
16.1	-5.58932	-8.0198	-0.820343
16.11	-5.58642	-8.0199	-0.820604
16.12	-5.58349	-8.02001	-0.820856
16.13	-5.58055	-8.02012	-0.821101
16.14	-5.57758	-8.02023	-0.821338
16.15	-5.5746	-8.02034	-0.821567
16.16	-5.5716	-8.02046	-0.821787
16.17	-5.56859	-8.02058	-0.821999
16.18	-5.56556	-8.0207	-0.822203
16.19	-5.56252	-8.02082	-0.822397
16.2	-5.55946	-8.02094	-0.822583
16.21	-5.5564	-8.02106	-0.822759
16.22	-5.55332	-8.02119	-0.822926
16.23	-5.55024	-8.02131	-0.823084
16.24	-5.54715	-8.02144	-0.823232
16.25	-5.54405	-8.02157	-0.823371
16.26	-5.54095	-8.0217	-0.823501
16.27	-5.53784	-8.02183	-0.823621
16.28	-5.53472	-8.02196	-0.823731
16.29	-5.53161	-8.02209	-0.823831
16.3	-5.52849	-8.02222	-0.823922
16.31	-5.52537	-8.02235	-0.824003
16.32	-5.52225	-8.02248	-0.824075
16.33	-5.51913	-8.02261	-0.824137
16.34	-5.51602	-8.02274	-0.824189
16.35	-5.51291	-8.02287	-0.824232
16.36	-5.5098	-8.023	-0.824265
16.37	-5.5067	-8.02313	-0.824289
16.38	-5.5036	-8.02326	-0.824303
16.39	-5.50052	-8.02339	-0.824309
16.4	-5.49744	-8.02352	-0.824305
16.41	-5.49436	-8.02364	-0.824292
16.42	-5.4913	-8.02377	-0.82427
16.43	-5.48825	-8.02389	-0.82424
16.44	-5.48522	-8.02402	-0.824201
16.45	-5.48219	-8.02414	-0.824153
16.46	-5.47918	-8.02426	-0.824097
16.47	-5.47618	-8.02438	-0.824032
16.48	-5.4732	-8.0245	-0.82396
16.49	-5.47024	-8.02462	-0.823879
16.5	-5.46729	-8.02474	-0.823791
16.51	-5.46436	-8.02485	-0.823696
16.52	-5.46146	-8.02497	-0.823593
16.53	-5.45857	-8.02508	-0.823482
16.54	-5.4557	-8.02519	-0.823365
16.55	-5.45285	-8.0253	-0.823241
16.56	-5.45003	-8.02541	-0.82311
16.57	-5.44723	-8.02552	-0.822972
16.58	-5.44446	-8.02562	-0.822829
16.59	-5.44171	-8.02573	-0.822679
16.6	-5.43898	-8.02583	-0.822523
16.61	-5.43628	-8.02593	-0.822362
16.62	-5.43361	-8.02603	-0.822194
16.63	-5.43097	-8.02613	-0.822022
16.64	-5.42836	-8.02623	-0.821844
16.65	-5.42577	-8.02633	-0.821662
16.66	-5.42322	-8.02642	-0.821474
16.67	-5.42069	-8.02651	-0.821282
16.68	-5.4182	-8.02661	-0.821086
16.69	-5.41574	-8.0267	-0.820885
16.7	-5.41332	-8.02678	-0.820681
16.71	-5.41093	-8.02687	-0.820472
16.72	-5.40857	-8.02696	-0.82026
16.73	-5.40625	-8.02704	-0.820044
16.74	-5.40396	-8.02713	-0.819824
16.75	-5.40171	-8.02721	-0.819602
16.76	-5.39949	-8.02729	-0.819376
16.77	-5.39731	-8.02737	-0.819148
16.78	-5.39518	-8.02745	-0.818917
16.79	-5.39307	-8.02753	-0.818684
16.8	-5.39101	-8.02761	-0.818448
16.81	-5.38899	-8.02768	-0.818209
16.82	-5.38701	-8.02776	-0.817969
16.83	-5.38506	-8.02783	-0.817727
16.84	-5.38316	-8.0279	-0.817483
16.85	-5.3813	-8.02798	-0.817238
16.86	-5.37948	-8.02805	-0.81699
16.87	-5.3777	-8.02812	-0.816742
16.88	-5.37597	-8.02818	-0.816492
16.89	-5.37428	-8.02825	-0.816241
16.9	-5.37263	-8.02832	-0.81599
16.91	-5.37102	-8.02838	-0.815737
16.92	-5.36946	-8.02845	-0.815484
16.93	-5.36795	-8.02851	-0.81523
16.94	-5.36648	-8.02857	-0.814975
16.95	-5.36505	-8.02864	-0.814721
16.96	-5.36367	-8.0287	-0.814465
16.97	-5.36233	-8.02876	-0.81421
16.98	-5.36104	-8.02881	-0.813955
16.99	-5.3598	-8.02887	-0.8137
17	-5.3586	-8.02893	-0.813445
17.01	-5.35745	-8.02898	-0.81319
17.02	-5.35634	-8.02904	-0.812936
17.03	-5.35528	-8.02909	-0.812682
17.04	-5.35427	-8.02914	-0.812429
17.05	-5.35331	-8.02919	-0.812176
17.06	-5.35239	-8.02924	-0.811925
17.07	-5.35152	-8.02929	-0.811674
17.08	-5.3507	-8.02934	-0.811425
17.09	-5.34993	-8.02939	-0.811177
17.1	-5.3492	-8.02943	-0.81093
17.11	-5.34852	-8.02948	-0.810684
17.12	-5.34789	-8.02952	-0.810441
17.13	-5.34731	-8.02956	-0.810199
17.14	-5.34677	-8.0296	-0.809958
17.15	-5.34628	-8.02964	-0.80972
17.16	-5.34584	-8.02967	-0.809484
17.17	-5.34545	-8.02971	-0.809251
17.18	-5.34511	-8.02974	-0.80902
17.19	-5.34481	-8.02978	-0.808791
17.2	-5.34456	-8.02981	-0.808566
17.21	-5.34436	-8.02983	-0.808343
17.22	-5.34421	-8.02986	-0.808124
17.23	-5.3441	-8.02989	-0.807908
17.24	-5.34404	-8.02991	-0.807695
17.25	-5.34403	-8.02993	-0.807487
17.26	-5.34406	-8.02995	-0.807282
17.27	-5.34414	-8.02997	-0.807081
17.28	-5.34427	-8.02998	-0.806885
17.29	-5.34444	-8.03	-0.806693
17.3	-5.34466	-8.03001	-0.806506
17.31	-5.34493	-8.03002	-0.806324
17.32	-5.34524	-8.03003	-0.806148
17.33	-5.34559	-8.03003	-0.805976
17.34	-5.34599	-8.03003	-0.805811
17.35	-5.34644	-8.03003	-0.805651
17.36	-5.34693	-8.03003	-0.805497
17.37	-5.34747	-8.03003	-0.805349
17.38	-5.34804	-8.03002	-0.805208
17.39	-5.34867	-8.03001	-0.805074
17.4	-5.34933	-8.03	-0.804946
17.41	-5.35004	-8.02998	-0.804826
17.42	-5.35079	-8.02997	-0.804713
17.43	-5.35158	-8.02995	-0.804607
17.44	-5.35242	-8.02993	-0.804509
17.45	-5.35329	-8.0299	-0.804418
17.46	-5.35421	-8.02987	-0.804336
17.47	-5.35517	-8.02984	-0.804262
17.48	-5.35616	-8.02981	-0.804196
17.49	-5.3572	-8.02978	-0.804139
17.5	-5.35827	-8.02974	-0.80409
17.51	-5.35939	-8.0297	-0.804049
17.52	-5.36054	-8.02966	-0.804018
17.53	-5.36173	-8.02961	-0.803995
17.54	-5.36295	-8.02956	-0.803982
17.55	-5.36422	-8.02951	-0.803977
17.56	-5.36552	-8.02946	-0.803981
17.57	-5.36685	-8.0294	-0.803995
17.58	-5.36822	-8.02935	-0.804018
17.59	-5.36962	-8.02929	-0.80405
17.6	-5.37106	-8.02922	-0.804091
17.61	-5.37253	-8.02916	-0.804141
17.62	-5.37403	-8.02909	-0.804201
17.63	-5.37557	-8.02902	-0.804269
17.64	-5.37713	-8.02895	-0.804347
17.65	-5.37873	-8.02887	-0.804434
17.66	-5.38036	-8.02879	-0.80453
17.67	-5.38202	-8.02871	-0.804634
17.68	-5.3837	-8.02863	-0.804748
17.69	-5.38541	-8.02855	-0.80487
17.7	-5.38716	-8.02846	-0.805
17.71	-5.38892	-8.02838	-0.805139
17.72	-5.39072	-8.02829	-0.805286
17.73	-5.39254	-8.02819	-0.805442
17.74	-5.39438	-8.0281	-0.805605
17.75	-5.39625	-8.02801	-0.805776
17.76	-5.39814	-8.02791	-0.805954
17.77	-5.40006	-8.02781	-0.80614
17.78	-5.40199	-8.02771	-0.806333
17.79	-5.40395	-8.02761	-0.806533
17.8	-5.40593	-8.02751	-0.806739
17.81	-5.40793	-8.0274	-0.806952
17.82	-5.40995	-8.0273	-0.807171
17.83	-5.41198	-8.02719	-0.807396
17.84	-5.41404	-8.02708	-0.807626
17.85	-5.41611	-8.02697	-0.807862
17.86	-5.4182	-8.02686	-0.808104
17.87	-5.4203	-8.02675	-0.808349
17.88	-5.42241	-8.02664	-0.8086
17.89	-5.42455	-8.02653	-0.808855
17.9	-5.42669	-8.02642	-0.809113
17.91	-5.42885	-8.0263	-0.809375
17.92	-5.43101	-8.02619	-0.809641
17.93	-5.43319	-8.02608	-0.80991
17.94	-5.43538	-8.02596	-0.810181
17.95	-5.43758	-8.02585	-0.810455
17.96	-5.43979	-8.02573	-0.81073
17.97	-5.442	-8.02561	-0.811008
17.98	-5.44422	-8.0255	-0.811287
17.99	-5.44645	-8.02538	-0.811567
18	-5.44868	-8.02527	-0.811848
18.01	-5.45092	-8.02515	-0.812129
18.02	-5.45316	-8.02504	-0.812411
18.03	-5.45541	-8.02492	-0.812692
18.04	-5.45765	-8.02481	-0.812973
18.05	-5.4599	-8.02469	-0.813254
18.06	-5.46215	-8.02458	-0.813533
18.07	-5.4644	-8.02447	-0.81381
18.08	-5.46665	-8.02436	-0.814087
18.09	-5.4689	-8.02424	-0.814361
18.1	-5.47114	-8.02413	-0.814633
18.11	-5.47338	-8.02402	-0.814902
18.12	-5.47562	-8.02391	-0.815169
18.13	-5.47786	-8.0238	-0.815432
18.14	-5.48008	-8.0237	-0.815692
18.15	-5.48231	-8.02359	-0.815949
18.16	-5.48452	-8.02349	-0.816202
18.17	-5.48673	-8.02338	-0.816451
18.18	-5.48893	-8.02328	-0.816695
18.19	-5.49112	-8.02318	-0.816935
18.2	-5.4933	-8.02308	-0.817171
18.21	-5.49547	-8.02298	-0.817401
18.22	-5.49763	-8.02288	-0.817626
18.23	-5.49978	-8.02278	-0.817846
18.24	-5.50192	-8.02269	-0.818061
18.25	-5.50404	-8.0226	-0.81827
18.26	-5.50615	-8.0225	-0.818473
18.27	-5.50824	-8.02241	-0.818671
18.28	-5.51032	-8.02232	-0.818862
18.29	-5.51238	-8.02224	-0.819047
18.3	-5.51443	-8.02215	-0.819226
18.31	-5.51646	-8.02207	-0.819399
18.32	-5.51847	-8.02198	-0.819565
18.33	-5.52046	-8.0219	-0.819725
18.34	-5.52243	-8.02182	-0.819878
18.35	-5.52439	-8.02175	-0.820024
18.36	-5.52632	-8.02167	-0.820164
18.37	-5.52823	-8.0216	-0.820297
18.38	-5.53012	-8.02152	-0.820424
18.39	-5.53199	-8.02145	-0.820543
18.4	-5.53384	-8.02138	-0.820656
18.41	-5.53566	-8.02132	-0.820763
18.42	-5.53746	-8.02125	-0.820862
18.43	-5.53924	-8.02119	-0.820955
18.44	-5.54099	-8.02112	-0.821041
18.45	-5.54271	-8.02106	-0.82112
18.46	-5.54441	-8.02101	-0.821192
18.47	-5.54608	-8.02095	-0.821258
18.48	-5.54773	-8.02089	-0.821318
18.49	-5.54934	-8.02084	-0.821371
18.5	-5.55093	-8.02079	-0.821417
18.51	-5.5525	-8.02074	-0.821457
18.52	-5.55403	-8.02069	-0.82149
18.53	-5.55553	-8.02064	-0.821518
18.54	-5.55701	-8.0206	-0.821539
18.55	-5.55845	-8.02056	-0.821554
18.56	-5.55987	-8.02051	-0.821563
18.57	-5.56125	-8.02048	-0.821566
18.58	-5.5626	-8.02044	-0.821563
18.59	-5.56392	-8.0204	-0.821554
18.6	-5.56521	-8.02037	-0.82154
18.61	-5.56647	-8.02033	-0.82152
18.62	-5.5677	-8.0203	-0.821494
18.63	-5.56889	-8.02027	-0.821463
18.64	-5.57005	-8.02025	-0.821427
18.65	-5.57117	-8.02022	-0.821385
18.66	-5.57226	-8.0202	-0.821339
18.67	-5.57332	-8.02018	-0.821287
18.68	-5.57435	-8.02015	-0.82123
18.69	-5.57533	-8.02014	-0.821168
18.7	-5.57629	-8.02012	-0.821102
18.71	-5.57721	-8.0201	-0.821031
18.72	-5.5781	-8.02009	-0.820955
18.73	-5.57895	-8.02008	-0.820875
18.74	-5.57976	-8.02007	-0.82079
18.75	-5.58054	-8.02006	-0.820701
18.76	-5.58128	-8.02005	-0.820608
18.77	-5.58199	-8.02004	-0.820511
18.78	-5.58266	-8.02004	-0.82041
18.79	-5.5833	-8.02004	-0.820304
18.8	-5.5839	-8.02004	-0.820195
18.81	-5.58447	-8.02004	-0.820082
18.82	-5.58499	-8.02004	-0.819965
18.83	-5.58549	-8.02004	-0.819845
18.84	-5.58594	-8.02005	-0.819721
18.85	-5.58636	-8.02006	-0.819594
18.86	-5.58675	-8.02006	-0.819463
18.87	-5.58709	-8.02007	-0.819328
18.88	-5.5874	-8.02009	-0.819191
18.89	-5.58768	-8.0201	-0.81905
18.9	-5.58792	-8.02012	-0.818906
18.91	-5.58812	-8.02013	-0.818759
18.92	-5.58829	-8.02015	-0.818609
18.93	-5.58842	-8.02017	-0.818456
18.94	-5.58851	-8.02019	-0.818301
18.95	-5.58857	-8.02022	-0.818142
18.96	-5.5886	-8.02024	-0.81798
18.97	-5.58859	-8.02027	-0.817816
18.98	-5.58854	-8.02029	-0.817649
18.99	-5.58846	-8.02032	-0.81748
19	-5.58834	-8.02036	-0.817308
19.01	-5.58819	-8.02039	-0.817133
19.02	-5.58801	-8.02042	-0.816956
19.03	-5.58778	-8.02046	-0.816777
19.04	-5.58753	-8.0205	-0.816595
19.05	-5.58724	-8.02053	-0.816412
19.06	-5.58692	-8.02058	-0.816225
19.07	-5.58657	-8.02062	-0.816037
19.08	-5.58618	-8.02066	-0.815847
19.09	-5.58576	-8.02071	-0.815655
19.1	-5.5853	-8.02075	-0.81546
19.11	-5.58482	-8.0208	-0.815264
19.12	-5.5843	-8.02085	-0.815066
19.13	-5.58375	-8.0209	-0.814867
19.14	-5.58317	-8.02095	-0.814666
19.15	-5.58256	-8.02101	-0.814463
19.16	-5.58191	-8.02106	-0.814259
19.17	-5.58124	-8.02112	-0.814054
19.18	-5.58054	-8.02118	-0.813848
19.19	-5.57981	-8.02124	-0.81364
19.2	-5.57904	-8.0213	-0.813432
19.21	-5.57825	-8.02137	-0.813223
19.22	-5.57744	-8.02143	-0.813013
19.23	-5.57659	-8.0215	-0.812803
19.24	-5.57572	-8.02156	-0.812592
19.25	-5.57481	-8.02163	-0.812381
19.26	-5.57389	-8.0217	-0.812171
19.27	-5.57293	-8.02177	-0.81196
19.28	-5.57195	-8.02185	-0.81175
19.29	-5.57095	-8.02192	-0.81154
19.3	-5.56992	-8.022	-0.81133
19.31	-5.56886	-8.02207	-0.811122
19.32	-5.56778	-8.02215	-0.810915
19.33	-5.56668	-8.02223	-0.810709
19.34	-5.56556	-8.02231	-0.810504
19.35	-5.56441	-8.02239	-0.810302
19.36	-5.56324	-8.02248	-0.810101
19.37	-5.56205	-8.02256	-0.809902
19.38	-5.56084	-8.02264	-0.809706
19.39	-5.55961	-8.02273	-0.809512
19.4	-5.55835	-8.02282	-0.809321
19.41	-5.55708	-8.0229	-0.809133
19.42	-5.55579	-8.02299	-0.808949
19.43	-5.55448	-8.02308	-0.808768
19.44	-5.55316	-8.02317	-0.80859
19.45	-5.55182	-8.02326	-0.808417
19.46	-5.55046	-8.02336	-0.808248
19.47	-5.54908	-8.02345	-0.808083
19.48	-5.54769	-8.02354	-0.807923
19.49	-5.54628	-8.02363	-0.807768
19.5	-5.54486	-8.02373	-0.807618
19.51	-5.54342	-8.02382	-0.807473
19.52	-5.54198	-8.02392	-0.807334
19.53	-5.54051	-8.02402	-0.8072
19.54	-5.53904	-8.02411	-0.807072
19.55	-5.53756	-8.02421	-0.806951
19.56	-5.53606	-8.02431	-0.806835
19.57	-5.53455	-8.0244	-0.806726
19.58	-5.53304	-8.0245	-0.806624
19.59	-5.53151	-8.0246	-0.806528
19.6	-5.52998	-8.02469	-0.806439
19.61	-5.52844	-8.02479	-0.806357
19.62	-5.52689	-8.02489	-0.806282
19.63	-5.52533	-8.02499	-0.806214
19.64	-5.52376	-8.02509	-0.806154
19.65	-5.5222	-8.02518	-0.806101
19.66	-5.52062	-8.02528	-0.806055
19.67	-5.51904	-8.02538	-0.806017
19.68	-5.51746	-8.02547	-0.805987
19.69	-5.51587	-8.02557	-0.805964
19.7	-5.51428	-8.02567	-0.805949
19.71	-5.51269	-8.02576	-0.805942
19.72	-5.51109	-8.02586	-0.805942
19.73	-5.5095	-8.02595	-0.80595
19.74	-5.5079	-8.02604	-0.805966
19.75	-5.50631	-8.02614	-0.805989
19.76	-5.50471	-8.02623	-0.80602
19.77	-5.50312	-8.02632	-0.806059
19.78	-5.50152	-8.02641	-0.806105
19.79	-5.49993	-8.0265	-0.806159
19.8	-5.49834	-8.02659	-0.80622
19.81	-5.49676	-8.02668	-0.806289
19.82	-5.49518	-8.02676	-0.806364
19.83	-5.4936	-8.02685	-0.806447
19.84	-5.49203	-8.02693	-0.806537
19.85	-5.49046	-8.02702	-0.806633
19.86	-5.4889	-8.0271	-0.806736
19.87	-5.48734	-8.02718	-0.806846
19.88	-5.4858	-8.02726	-0.806962
19.89	-5.48426	-8.02734	-0.807085
19.9	-5.48272	-8.02741	-0.807213
19.91	-5.4812	-8.02749	-0.807348
19.92	-5.47968	-8.02756	-0.807488
19.93	-5.47818	-8.02764	-0.807633
19.94	-5.47668	-8.02771	-0.807784
19.95	-5.4752	-8.02778	-0.80794
19.96	-5.47372	-8.02785	-0.808101
19.97	-5.47226	-8.02791	-0.808267
19.98	-5.47081	-8.02798	-0.808437
19.99	-5.46937	-8.02804	-0.808611
20	-5.46794	-8.0281	-0.80879
20.01	-5.46653	-8.02816	-0.808972
20.02	-5.46513	-8.02822	-0.809157
20.03	-5.46375	-8.02827	-0.809346
20.04	-5.46238	-8.02833	-0.809538
20.05	-5.46102	-8.02838	-0.809733
20.06	-5.45968	-8.02843	-0.809931
20.07	-5.45835	-8.02848	-0.81013
20.08	-5.45705	-8.02852	-0.810332
20.09	-5.45575	-8.02857	-0.810536
20.1	-5.45448	-8.02861	-0.810741
20.11	-5.45322	-8.02865	-0.810947
20.12	-5.45198	-8.02869	-0.811155
20.13	-5.45076	-8.02873	-0.811364
20.14	-5.44955	-8.02876	-0.811573
20.15	-5.44837	-8.02879	-0.811782
20.16	-5.4472	-8.02883	-0.811992
20.17	-5.44605	-8.02885	-0.812202
20.18	-5.44493	-8.02888	-0.812411
20.19	-5.44382	-8.02891	-0.81262
20.2	-5.44273	-8.02893	-0.812828
20.21	-5.44167	-8.02895	-0.813036
20.22	-5.44062	-8.02897	-0.813242
20.23	-5.4396	-8.02899	-0.813447
20.24	-5.4386	-8.029	-0.81365
20.25	-5.43762	-8.02901	-0.813852
20.26	-5.43666	-8.02903	-0.814051
20.27	-5.43572	-8.02904	-0.814249
20.28	-5.43481	-8.02904	-0.814444
20.29	-5.43392	-8.02905	-0.814638
20.3	-5.43305	-8.02905	-0.814828
20.31	-5.43221	-8.02905	-0.815016
20.32	-5.43139	-8.02905	-0.815201
20.33	-5.43059	-8.02905	-0.815384
20.34	-5.42982	-8.02905	-0.815563
20.35	-5.42907	-8.02904	-0.815739
20.36	-5.42834	-8.02903	-0.815912
20.37	-5.42764	-8.02902	-0.816081
20.38	-5.42696	-8.02901	-0.816247
20.39	-5.42631	-8.029	-0.816409
20.4	-5.42568	-8.02898	-0.816568
20.41	-5.42508	-8.02897	-0.816723
20.42	-5.42451	-8.02895	-0.816874
20.43	-5.42395	-8.02893	-0.817021
20.44	-5.42343	-8.02891	-0.817164
20.45	-5.42293	-8.02888	-0.817304
20.46	-5.42245	-8.02886	-0.817439
20.47	-5.422	-8.02883	-0.81757
20.48	-5.42158	-8.0288	-0.817697
20.49	-5.42118	-8.02877	-0.81782
20.5	-5.42081	-8.02874	-0.817939
20.51	-5.42046	-8.02871	-0.818054
20.52	-5.42014	-8.02867	-0.818164
20.53	-5.41984	-8.02864	-0.81827
20.54	-5.41957	-8.0286	-0.818372
20.55	-5.41933	-8.02856	-0.81847
20.56	-5.41911	-8.02852	-0.818564
20.57	-5.41892	-8.02848	-0.818653
20.58	-5.41875	-8.02844	-0.818738
20.59	-5.41861	-8.02839	-0.818818
20.6	-5.4185	-8.02835	-0.818895
20.61	-5.41841	-8.0283	-0.818967
20.62	-5.41835	-8.02825	-0.819035
20.63	-5.41831	-8.0282	-0.819099
20.64	-5.4183	-8.02815	-0.819158
20.65	-5.41831	-8.0281	-0.819213
20.66	-5.41835	-8.02804	-0.819265
20.67	-5.41841	-8.02799	-0.819312
20.68	-5.4185	-8.02793	-0.819354
20.69	-5.41862	-8.02787	-0.819393
20.7	-5.41876	-8.02782	-0.819428
20.71	-5.41892	-8.02776	-0.819458
20.72	-5.41911	-8.0277	-0.819484
20.73	-5.41933	-8.02764	-0.819507
20.74	-5.41956	-8.02757	-0.819525
20.75	-5.41983	-8.02751	-0.81954
20.76	-5.42011	-8.02744	-0.81955
20.77	-5.42042	-8.02738	-0.819556
20.78	-5.42076	-8.02731	-0.819559
20.79	-5.42112	-8.02725	-0.819558
20.8	-5.4215	-8.02718	-0.819552
20.81	-5.4219	-8.02711	-0.819543
20.82	-5.42233	-8.02704	-0.81953
20.83	-5.42278	-8.02697	-0.819513
20.84	-5.42326	-8.0269	-0.819493
20.85	-5.42375	-8.02683	-0.819469
20.86	-5.42427	-8.02675	-0.819441
20.87	-5.42481	-8.02668	-0.819409
20.88	-5.42537	-8.02661	-0.819373
20.89	-5.42595	-8.02653	-0.819334
20.9	-5.42655	-8.02645	-0.819291
20.91	-5.42718	-8.02638	-0.819245
20.92	-5.42782	-8.0263	-0.819195
20.93	-5.42849	-8.02622	-0.819141
20.94	-5.42917	-8.02615	-0.819084
20.95	-5.42988	-8.02607	-0.819023
20.96	-5.4306	-8.02599	-0.818959
20.97	-5.43134	-8.02591	-0.818891
20.98	-5.43211	-8.02583	-0.81882
20.99	-5.43289	-8.02575	-0.818745
21	-5.43368	-8.02567	-0.818666
21.01	-5.4345	-8.02559	-0.818584
21.02	-5.43533	-8.02551	-0.818499
21.03	-5.43619	-8.02543	-0.81841
21.04	-5.43705	-8.02535	-0.818318
21.05	-5.43794	-8.02526	-0.818222
21.06	-5.43884	-8.02518	-0.818123
21.07	-5.43975	-8.0251	-0.818021
21.08	-5.44068	-8.02502	-0.817915
21.09	-5.44163	-8.02493	-0.817806
21.1	-5.44259	-8.02485	-0.817694
21.11	-5.44356	-8.02477	-0.817578
21.12	-5.44455	-8.02469	-0.81746
21.13	-5.44555	-8.0246	-0.817338
21.14	-5.44657	-8.02452	-0.817212
21.15	-5.4476	-8.02444	-0.817084
21.16	-5.44864	-8.02436	-0.816953
21.17	-5.44969	-8.02427	-0.816818
21.18	-5.45075	-8.02419	-0.816681
21.19	-5.45183	-8.02411	-0.816541
21.2	-5.45291	-8.02403	-0.816398
21.21	-5.45401	-8.02395	-0.816252
21.22	-5.45511	-8.02387	-0.816104
21.23	-5.45622	-8.02379	-0.815952
21.24	-5.45735	-8.02371	-0.815799
21.25	-5.45848	-8.02363	-0.815643
21.26	-5.45962	-8.02355	-0.815484
21.27	-5.46077	-8.02347	-0.815324
21.28	-5.46192	-8.02339	-0.815161
21.29	-5.46308	-8.02332	-0.814996
21.3	-5.46425	-8.02324	-0.81483
21.31	-5.46543	-8.02316	-0.814662
21.32	-5.46661	-8.02309	-0.814492
21.33	-5.46779	-8.02301	-0.81432
21.34	-5.46898	-8.02294	-0.814148
21.35	-5.47017	-8.02287	-0.813974
21.36	-5.47137	-8.0228	-0.813799
21.37	-5.47257	-8.02272	-0.813623
21.38	-5.47377	-8.02265	-0.813447
21.39	-5.47498	-8.02259	-0.81327
21.4	-5.47619	-8.02252	-0.813093
21.41	-5.4774	-8.02245	-0.812916
21.42	-5.47861	-8.02239	-0.812738
21.43	-5.47982	-8.02232	-0.812561
21.44	-5.48103	-8.02226	-0.812385
21.45	-5.48224	-8.02219	-0.812209
21.46	-5.48346	-8.02213	-0.812034
21.47	-5.48467	-8.02207	-0.811859
21.48	-5.48587	-8.02201	-0.811687
21.49	-5.48708	-8.02196	-0.811515
21.5	-5.48828	-8.0219	-0.811345
21.51	-5.48949	-8.02185	-0.811177
21.52	-5.49068	-8.02179	-0.811011
21.53	-5.49188	-8.02174	-0.810848
21.54	-5.49307	-8.02169	-0.810686
21.55	-5.49425	-8.02164	-0.810528
21.56	-5.49544	-8.02159	-0.810372
21.57	-5.49661	-8.02155	-0.810219
21.58	-5.49778	-8.0215	-0.810069
21.59	-5.49894	-8.02146	-0.809923
21.6	-5.5001	-8.02142	-0.80978
21.61	-5.50125	-8.02138	-0.809641
21.62	-5.50239	-8.02134	-0.809506
21.63	-5.50353	-8.0213	-0.809375
21.64	-5.50466	-8.02127	-0.809248
21.65	-5.50577	-8.02123	-0.809126
21.66	-5.50688	-8.0212	-0.809008
21.67	-5.50798	-8.02117	-0.808894
21.68	-5.50907	-8.02114	-0.808786
21.69	-5.51015	-8.02112	-0.808682
21.7	-5.51122	-8.02109	-0.808584
21.71	-5.51228	-8.02107	-0.80849
21.72	-5.51333	-8.02105	-0.808402
21.73	-5.51436	-8.02103	-0.80832
21.74	-5.51538	-8.02101	-0.808242
21.75	-5.5164	-8.02099	-0.80817
21.76	-5.51739	-8.02098	-0.808104
21.77	-5.51838	-8.02096	-0.808044
21.78	-5.51935	-8.02095	-0.807989
21.79	-5.52031	-8.02094	-0.80794
21.8	-5.52125	-8.02093	-0.807897
21.81	-5.52218	-8.02093	-0.807859
21.82	-5.5231	-8.02092	-0.807827
21.83	-5.524	-8.02092	-0.807802
21.84	-5.52488	-8.02092	-0.807782
21.85	-5.52575	-8.02092	-0.807768
21.86	-5.52661	-8.02092	-0.807759
21.87	-5.52744	-8.02092	-0.807757
21.88	-5.52827	-8.02093	-0.80776
21.89	-5.52907	-8.02094	-0.807769
21.9	-5.52986	-8.02094	-0.807784
21.91	-5.53063	-8.02095	-0.807804
21.92	-5.53138	-8.02097	-0.80783
21.93	-5.53211	-8.02098	-0.807862
21.94	-5.53283	-8.02099	-0.807899
21.95	-5.53353	-8.02101	-0.807941
21.96	-5.53421	-8.02103	-0.807989
21.97	-5.53487	-8.02105	-0.808041
21.98	-5.53552	-8.02107	-0.808099
21.99	-5.53614	-8.02109	-0.808162
22	-5.53675	-8.02111	-0.80823
22.01	-5.53733	-8.02114	-0.808302
22.02	-5.5379	-8.02117	-0.808379
22.03	-5.53844	-8.02119	-0.80846
22.04	-5.53897	-8.02122	-0.808546
22.05	-5.53947	-8.02125	-0.808636
22.06	-5.53996	-8.02128	-0.80873
22.07	-5.54043	-8.02132	-0.808828
22.08	-5.54087	-8.02135	-0.80893
22.09	-5.5413	-8.02139	-0.809035
22.1	-5.5417	-8.02142	-0.809144
22.11	-5.54208	-8.02146	-0.809256
22.12	-5.54244	-8.0215	-0.809371
22.13	-5.54278	-8.02154	-0.80949
22.14	-5.5431	-8.02158	-0.809611
22.15	-5.5434	-8.02163	-0.809735
22.16	-5.54368	-8.02167	-0.809861
22.17	-5.54393	-8.02171	-0.80999
22.18	-5.54417	-8.02176	-0.810121
22.19	-5.54438	-8.02181	-0.810254
22.2	-5.54457	-8.02185	-0.810389
22.21	-5.54474	-8.0219	-0.810526
22.22	-5.54489	-8.02195	-0.810664
22.23	-5.54502	-8.022	-0.810804
22.24	-5.54512	-8.02205	-0.810945
22.25	-5.54521	-8.02211	-0.811087
22.26	-5.54527	-8.02216	-0.81123
22.27	-5.54531	-8.02221	-0.811374
22.28	-5.54533	-8.02227	-0.811519
22.29	-5.54532	-8.02232	-0.811664
22.3	-5.5453	-8.02238	-0.81181
22.31	-5.54526	-8.02244	-0.811956
22.32	-5.54519	-8.0225	-0.812102
22.33	-5.5451	-8.02255	-0.812249
22.34	-5.54499	-8.02261	-0.812395
22.35	-5.54486	-8.02267	-0.812541
22.36	-5.54471	-8.02273	-0.812687
22.37	-5.54454	-8.0228	-0.812833
22.38	-5.54434	-8.02286	-0.812978
22.39	-5.54413	-8.02292	-0.813122
22.4	-5.5439	-8.02298	-0.813266
22.41	-5.54364	-8.02305	-0.813409
22.42	-5.54337	-8.02311	-0.813551
22.43	-5.54307	-8.02318	-0.813692
22.44	-5.54276	-8.02324	-0.813832
22.45	-5.54242	-8.02331	-0.813971
22.46	-5.54206	-8.02337	-0.814109
22.47	-5.54169	-8.02344	-0.814245
22.48	-5.5413	-8.02351	-0.81438
22.49	-5.54088	-8.02357	-0.814514
22.5	-5.54045	-8.02364	-0.814646
22.51	-5.54	-8.02371	-0.814777
22.52	-5.53953	-8.02378	-0.814905
22.53	-5.53904	-8.02385	-0.815033
22.54	-5.53853	-8.02392	-0.815158
22.55	-5.53801	-8.02399	-0.815282
22.56	-5.53747	-8.02406	-0.815404
22.57	-5.53691	-8.02413	-0.815523
22.58	-5.53633	-8.0242	-0.815641
22.59	-5.53574	-8.02427	-0.815757
22.6	-5.53513	-8.02434	-0.815871
22.61	-5.5345	-8.02441	-0.815982
22.62	-5.53385	-8.02448	-0.816092
22.63	-5.5332	-8.02455	-0.816199
22.64	-5.53252	-8.02462	-0.816304
22.65	-5.53183	-8.02469	-0.816406
22.66	-5.53112	-8.02476	-0.816507
22.67	-5.5304	-8.02483	-0.816604
22.68	-5.52967	-8.0249	-0.8167
22.69	-5.52892	-8.02497	-0.816793
22.7	-5.52815	-8.02504	-0.816883
22.71	-5.52737	-8.02511	-0.816971
22.72	-5.52658	-8.02518	-0.817056
22.73	-5.52578	-8.02525	-0.817138
22.74	-5.52496	-8.02532	-0.817218
22.75	-5.52413	-8.02539	-0.817295
22.76	-5.52329	-8.02546	-0.817369
22.77	-5.52244	-8.02553	-0.817441
22.78	-5.52157	-8.0256	-0.81751
22.79	-5.5207	-8.02567	-0.817576
22.8	-5.51981	-8.02574	-0.817639
22.81	-5.51892	-8.0258	-0.817699
22.82	-5.51801	-8.02587	-0.817756
22.83	-5.51709	-8.02594	-0.81781
22.84	-5.51617	-8.02601	-0.817861
22.85	-5.51523	-8.02607	-0.817909
22.86	-5.51429	-8.02614	-0.817954
22.87	-5.51334	-8.0262	-0.817996
22.88	-5.51238	-8.02626	-0.818034
22.89	-5.51141	-8.02633	-0.81807
22.9	-5.51043	-8.02639	-0.818102
22.91	-5.50945	-8.02645	-0.818131
22.92	-5.50846	-8.02651	-0.818157
22.93	-5.50747	-8.02657	-0.81818
22.94	-5.50647	-8.02663	-0.818199
22.95	-5.50546	-8.02669	-0.818215
22.96	-5.50445	-8.02675	-0.818228
22.97	-5.50344	-8.02681	-0.818238
22.98	-5.50242	-8.02686	-0.818243
22.99	-5.5014	-8.02692	-0.818246
23	-5.50037	-8.02697	-0.818245
23.01	-5.49934	-8.02703	-0.818241
23.02	-5.49831	-8.02708	-0.818233
23.03	-5.49727	-8.02713	-0.818222
23.04	-5.49624	-8.02718	-0.818207
23.05	-5.4952	-8.02723	-0.818189
23.06	-5.49416	-8.02728	-0.818168
23.07	-5.49312	-8.02732	-0.818142
23.08	-5.49208	-8.02737	-0.818114
23.09	-5.49103	-8.02741	-0.818081
23.1	-5.48999	-8.02745	-0.818045
23.11	-5.48895	-8.02749	-0.818006
23.12	-5.48791	-8.02753	-0.817963
23.13	-5.48688	-8.02757	-0.817917
23.14	-5.48584	-8.02761	-0.817867
23.15	-5.48481	-8.02765	-0.817813
23.16	-5.48377	-8.02768	-0.817756
23.17	-5.48275	-8.02771	-0.817695
23.18	-5.48172	-8.02774	-0.817631
23.19	-5.4807	-8.02778	-0.817563
23.2	-5.47968	-8.0278	-0.817492
23.21	-5.47867	-8.02783	-0.817418
23.22	-5.47766	-8.02786	-0.81734
23.23	-5.47665	-8.02788	-0.817259
23.24	-5.47565	-8.0279	-0.817174
23.25	-5.47466	-8.02792	-0.817086
23.26	-5.47367	-8.02794	-0.816995
23.27	-5.47269	-8.02796	-0.816901
23.28	-5.47172	-8.02798	-0.816804
23.29	-5.47075	-8.02799	-0.816704
23.3	-5.46979	-8.02801	-0.8166
23.31	-5.46884	-8.02802	-0.816494
23.32	-5.4679	-8.02803	-0.816385
23.33	-5.46696	-8.02804	-0.816273
23.34	-5.46603	-8.02804	-0.816159
23.35	-5.46511	-8.02805	-0.816042
23.36	-5.4642	-8.02805	-0.815923
23.37	-5.4633	-8.02805	-0.815801
23.38	-5.46242	-8.02805	-0.815677
23.39	-5.46154	-8.02805	-0.815551
23.4	-5.46067	-8.02805	-0.815423
23.41	-5.45981	-8.02805	-0.815293
23.42	-5.45896	-8.02804	-0.815162
23.43	-5.45812	-8.02803	-0.815028
23.44	-5.4573	-8.02803	-0.814894
23.45	-5.45649	-8.02802	-0.814758
23.46	-5.45569	-8.028	-0.81462
23.47	-5.4549	-8.02799	-0.814482
23.48	-5.45412	-8.02798	-0.814343
23.49	-5.45336	-8.02796	-0.814203
23.5	-5.45261	-8.02794	-0.814062
23.51	-5.45187	-8.02792	-0.813921
23.52	-5.45115	-8.0279	-0.81378
23.53	-5.45044	-8.02788	-0.813639
23.54	-5.44975	-8.02786	-0.813497
23.55	-5.44906	-8.02783	-0.813356
23.56	-5.4484	-8.02781	-0.813215
23.57	-5.44775	-8.02778	-0.813075
23.58	-5.44711	-8.02775	-0.812935
23.59	-5.44649	-8.02772	-0.812797
23.6	-5.44588	-8.02769	-0.812659
23.61	-5.44529	-8.02766	-0.812522
23.62	-5.44471	-8.02763	-0.812386
23.63	-5.44415	-8.02759	-0.812252
23.64	-5.44361	-8.02756	-0.81212
23.65	-5.44308	-8.02752	-0.811989
23.66	-5.44257	-8.02748	-0.81186
23.67	-5.44207	-8.02744	-0.811734
23.68	-5.4416	-8.0274	-0.811609
23.69	-5.44113	-8.02736	-0.811487
23.7	-5.44069	-8.02732	-0.811367
23.71	-5.44026	-8.02728	-0.811249
23.72	-5.43985	-8.02724	-0.811134
23.73	-5.43946	-8.02719	-0.811022
23.74	-5.43908	-8.02714	-0.810913
23.75	-5.43872	-8.0271	-0.810807
23.76	-5.43838	-8.02705	-0.810704
23.77	-5.43805	-8.027	-0.810604
23.78	-5.43775	-8.02695	-0.810508
23.79	-5.43746	-8.0269	-0.810415
23.8	-5.43719	-8.02685	-0.810325
23.81	-5.43693	-8.0268	-0.810239
23.82	-5.4367	-8.02675	-0.810156
23.83	-5.43648	-8.0267	-0.810077
23.84	-5.43628	-8.02665	-0.810002
23.85	-5.4361	-8.02659	-0.809931
23.86	-5.43594	-8.02654	-0.809863
23.87	-5.43579	-8.02648	-0.8098
23.88	-5.43567	-8.02643	-0.80974
23.89	-5.43556	-8.02637	-0.809684
23.9	-5.43547	-8.02631	-0.809633
23.91	-5.43539	-8.02626	-0.809585
23.92	-5.43534	-8.0262	-0.809541
23.93	-5.4353	-8.02614	-0.809501
23.94	-5.43529	-8.02609	-0.809466
23.95	-5.43529	-8.02603	-0.809434
23.96	-5.43531	-8.02597	-0.809406
23.97	-5.43534	-8.02591	-0.809382
23.98	-5.4354	-8.02585	-0.809363
23.99	-5.43547	-8.02579	-0.809347
24	-5.43556	-8.02573	-0.809335
24.01	-5.43567	-8.02567	-0.809327
24.02	-5.43579	-8.02561	-0.809323
24.03	-5.43594	-8.02555	-0.809323
24.04	-5.4361	-8.02549	-0.809326
24.05	-5.43628	-8.02543	-0.809333
24.06	-5.43648	-8.02537	-0.809344
24.07	-5.43669	-8.02531	-0.809358
24.08	-5.43692	-8.02524	-0.809376
24.09	-5.43717	-8.02518	-0.809398
24.1	-5.43744	-8.02512	-0.809423
24.11	-5.43772	-8.02506	-0.809451
24.12	-5.43802	-8.025	-0.809483
24.13	-5.43833	-8.02494	-0.809518
24.14	-5.43867	-8.02488	-0.809556
24.15	-5.43902	-8.02482	-0.809597
24.16	-5.43938	-8.02476	-0.809641
24.17	-5.43976	-8.02469	-0.809688
24.18	-5.44016	-8.02463	-0.809737
24.19	-5.44058	-8.02457	-0.80979
24.2	-5.44101	-8.02451	-0.809845
24.21	-5.44145	-8.02445	-0.809903
24.22	-5.44191	-8.02439	-0.809963
24.23	-5.44239	-8.02433	-0.810026
24.24	-5.44288	-8.02427	-0.810091
24.25	-5.44338	-8.02421	-0.810159
24.26	-5.4439	-8.02415	-0.810228
24.27	-5.44444	-8.02409	-0.8103
24.28	-5.44499	-8.02403	-0.810374
24.29	-5.44555	-8.02398	-0.81045
24.3	-5.44613	-8.02392	-0.810527
24.31	-5.44672	-8.02386	-0.810607
24.32	-5.44732	-8.0238	-0.810688
24.33	-5.44794	-8.02375	-0.810771
24.34	-5.44857	-8.02369	-0.810856
24.35	-5.44921	-8.02363	-0.810942
24.36	-5.44987	-8.02358	-0.811029
24.37	-5.45054	-8.02352	-0.811118
24.38	-5.45122	-8.02347	-0.811208
24.39	-5.45191	-8.02342	-0.8113
24.4	-5.45261	-8.02336	-0.811393
24.41	-5.45333	-8.02331	-0.811487
24.42	-5.45405	-8.02326	-0.811582
24.43	-5.45479	-8.02321	-0.811678
24.44	-5.45554	-8.02316	-0.811775
24.45	-5.4563	-8.02311	-0.811873
24.46	-5.45706	-8.02306	-0.811971
24.47	-5.45784	-8.02301	-0.812071
24.48	-5.45863	-8.02296	-0.812171
24.49	-5.45942	-8.02291	-0.812272
24.5	-5.46023	-8.02287	-0.812373
24.51	-5.46104	-8.02282	-0.812476
24.52	-5.46186	-8.02278	-0.812578
24.53	-5.46269	-8.02273	-0.812681
24.54	-5.46353	-8.02269	-0.812785
24.55	-5.46437	-8.02265	-0.812888
24.56	-5.46523	-8.02261	-0.812992
24.57	-5.46609	-8.02257	-0.813097
24.58	-5.46695	-8.02253	-0.813201
24.59	-5.46782	-8.02249	-0.813306
24.6	-5.4687	-8.02245	-0.81341
24.61	-5.46959	-8.02241	-0.813515
24.62	-5.47048	-8.02238	-0.813619
24.63	-5.47137	-8.02235	-0.813723
24.64	-5.47227	-8.02231	-0.813828
24.65	-5.47317	-8.02228	-0.813931
24.66	-5.47408	-8.02225	-0.814035
24.67	-5.47499	-8.02222	-0.814138
24.68	-5.47591	-8.02219	-0.814241
24.69	-5.47683	-8.02216	-0.814343
24.7	-5.47775	-8.02214	-0.814444
24.71	-5.47868	-8.02211	-0.814545
24.72	-5.4796	-8.02209	-0.814645
24.73	-5.48053	-8.02206	-0.814745
24.74	-5.48146	-8.02204	-0.814843
24.75	-5.48239	-8.02202	-0.814941
24.76	-5.48333	-8.022	-0.815037
24.77	-5.48426	-8.02198	-0.815133
24.78	-5.4852	-8.02197	-0.815227
24.79	-5.48613	-8.02195	-0.81532
24.8	-5.48707	-8.02194	-0.815412
24.81	-5.488	-8.02193	-0.815502
24.82	-5.48893	-8.02191	-0.815591
24.83	-5.48986	-8.0219	-0.815678
24.84	-5.4908	-8.02189	-0.815764
24.85	-5.49172	-8.02189	-0.815849
24.86	-5.49265	-8.02188	-0.815931
24.87	-5.49358	-8.02187	-0.816012
24.88	-5.4945	-8.02187	-0.816091
24.89	-5.49542	-8.02187	-0.816168
24.9	-5.49633	-8.02186	-0.816243
24.91	-5.49725	-8.02186	-0.816315
24.92	-5.49816	-8.02186	-0.816386
24.93	-5.49906	-8.02187	-0.816455
24.94	-5.49996	-8.02187	-0.816521
24.95	-5.50086	-8.02188	-0.816585
24.96	-5.50175	-8.02188	-0.816646
24.97	-5.50263	-8.02189	-0.816705
24.98	-5.50351	-8.0219	-0.816762
24.99	-5.50439	-8.02191	-0.816816
25	-5.50525	-8.02192	-0.816867
