t	V	DV/V0 in %
0.01	35.9912	-0.0244988
0.02	35.9758	-0.0673047
0.03	35.9581	-0.116331
0.04	35.9399	-0.166922
0.05	35.9217	-0.217501
0.06	35.9029	-0.269598
0.07	35.8833	-0.324278
0.08	35.8631	-0.380175
0.09	35.8436	-0.434447
0.1	35.8256	-0.484544
0.11	35.8093	-0.529739
0.12	35.7943	-0.571348
0.13	35.7798	-0.611712
0.14	35.765	-0.652911
0.15	35.7495	-0.695919
0.16	35.7334	-0.740577
0.17	35.717	-0.786113
0.18	35.7006	-0.831793
0.19	35.6842	-0.877246
0.2	35.6679	-0.922363
0.21	35.6519	-0.966913
0.22	35.6363	-1.0102
0.23	35.6216	-1.05105
0.24	35.6083	-1.08814
0.25	35.5966	-1.12057
0.26	35.5866	-1.14829
0.27	35.578	-1.1721
0.28	35.5704	-1.19335
0.29	35.5632	-1.21341
0.3	35.5561	-1.23314
0.31	35.549	-1.25283
0.32	35.542	-1.27224
0.33	35.5353	-1.29089
0.34	35.529	-1.30824
0.35	35.5234	-1.32377
0.36	35.5187	-1.33687
0.37	35.5152	-1.34679
0.38	35.513	-1.35274
0.39	35.5126	-1.35398
0.4	35.514	-1.35009
0.41	35.5172	-1.34102
0.42	35.5222	-1.32713
0.43	35.5287	-1.30903
0.44	35.5365	-1.28744
0.45	35.5453	-1.26303
0.46	35.5549	-1.23638
0.47	35.5651	-1.20799
0.48	35.5758	-1.17826
0.49	35.5869	-1.14753
0.5	35.5982	-1.11606
0.51	35.6097	-1.08403
0.52	35.6214	-1.05154
0.53	35.6333	-1.01865
0.54	35.6452	-0.985428
0.55	35.6573	-0.952002
0.56	35.6693	-0.918584
0.57	35.6812	-0.885466
0.58	35.6929	-0.852984
0.59	35.7043	-0.821477
0.6	35.7151	-0.791254
0.61	35.7255	-0.762569
0.62	35.7352	-0.735614
0.63	35.7442	-0.710519
0.64	35.7526	-0.687347
0.65	35.7602	-0.666092
0.66	35.7672	-0.646681
0.67	35.7736	-0.628982
0.68	35.7794	-0.612828
0.69	35.7847	-0.598049
0.7	35.7896	-0.5845
0.71	35.794	-0.572087
0.72	35.7981	-0.56077
0.73	35.8018	-0.550562
0.74	35.8051	-0.541518
0.75	35.8079	-0.533718
0.76	35.8102	-0.527251
0.77	35.812	-0.522204
0.78	35.8133	-0.518649
0.79	35.814	-0.516637
0.8	35.8142	-0.516196
0.81	35.8138	-0.517328
0.82	35.8128	-0.520026
0.83	35.8113	-0.524284
0.84	35.8092	-0.530113
0.85	35.8065	-0.537554
0.86	35.8032	-0.546682
0.87	35.7993	-0.557609
0.88	35.7946	-0.570466
0.89	35.7893	-0.585393
0.9	35.7831	-0.602517
0.91	35.7761	-0.621934
0.92	35.7683	-0.643691
0.93	35.7596	-0.66777
0.94	35.7501	-0.694077
0.95	35.7399	-0.722444
0.96	35.7291	-0.752627
0.97	35.7176	-0.784322
0.98	35.7058	-0.817174
0.99	35.6937	-0.850803
1	35.6815	-0.884823
1.01	35.6692	-0.918853
1.02	35.6571	-0.952543
1.03	35.6452	-0.985572
1.04	35.6336	-1.01766
1.05	35.6225	-1.04857
1.06	35.6119	-1.07809
1.07	35.6018	-1.10605
1.08	35.5924	-1.13227
1.09	35.5836	-1.15659
1.1	35.5756	-1.17886
1.11	35.5684	-1.1989
1.12	35.562	-1.21653
1.13	35.5566	-1.23157
1.14	35.5522	-1.24382
1.15	35.5489	-1.2531
1.16	35.5467	-1.25926
1.17	35.5456	-1.26217
1.18	35.5458	-1.26174
1.19	35.5471	-1.25794
1.2	35.5497	-1.2508
1.21	35.5535	-1.24039
1.22	35.5583	-1.22685
1.23	35.5643	-1.21038
1.24	35.5712	-1.1912
1.25	35.579	-1.16956
1.26	35.5875	-1.14576
1.27	35.5968	-1.12008
1.28	35.6066	-1.09281
1.29	35.6169	-1.06424
1.3	35.6275	-1.03465
1.31	35.6385	-1.00429
1.32	35.6496	-0.973439
1.33	35.6608	-0.94232
1.34	35.672	-0.911174
1.35	35.6831	-0.880228
1.36	35.6941	-0.849707
1.37	35.7049	-0.819831
1.38	35.7153	-0.790814
1.39	35.7254	-0.762865
1.4	35.735	-0.73618
1.41	35.7441	-0.710942
1.42	35.7526	-0.687317
1.43	35.7604	-0.665446
1.44	35.7676	-0.645448
1.45	35.7741	-0.627415
1.46	35.7799	-0.611412
1.47	35.7849	-0.597481
1.48	35.7892	-0.58564
1.49	35.7927	-0.57589
1.5	35.7954	-0.568217
1.51	35.7975	-0.562595
1.52	35.7988	-0.558988
1.53	35.7994	-0.557355
1.54	35.7992	-0.557646
1.55	35.7985	-0.559808
1.56	35.797	-0.563773
1.57	35.795	-0.569469
1.58	35.7924	-0.576806
1.59	35.7892	-0.585685
1.6	35.7854	-0.595988
1.61	35.7813	-0.607587
1.62	35.7767	-0.620341
1.63	35.7717	-0.634099
1.64	35.7665	-0.648708
1.65	35.761	-0.664012
1.66	35.7553	-0.67986
1.67	35.7494	-0.696112
1.68	35.7435	-0.712636
1.69	35.7374	-0.729318
1.7	35.7314	-0.746054
1.71	35.7254	-0.762759
1.72	35.7194	-0.779354
1.73	35.7135	-0.795774
1.74	35.7077	-0.811955
1.75	35.702	-0.827837
1.76	35.6964	-0.843357
1.77	35.691	-0.858446
1.78	35.6857	-0.873032
1.79	35.6807	-0.887033
1.8	35.6759	-0.900363
1.81	35.6713	-0.912931
1.82	35.6671	-0.924644
1.83	35.6633	-0.935411
1.84	35.6597	-0.945145
1.85	35.6566	-0.953767
1.86	35.654	-0.96121
1.87	35.6517	-0.967416
1.88	35.65	-0.972343
1.89	35.6487	-0.975965
1.9	35.6478	-0.978266
1.91	35.6475	-0.979247
1.92	35.6476	-0.97892
1.93	35.6482	-0.97731
1.94	35.6492	-0.97445
1.95	35.6507	-0.970384
1.96	35.6525	-0.965164
1.97	35.6548	-0.95885
1.98	35.6575	-0.951508
1.99	35.6604	-0.943213
2	35.6637	-0.934044
2.01	35.6673	-0.924089
2.02	35.6712	-0.913438
2.03	35.6752	-0.902186
2.04	35.6794	-0.890431
2.05	35.6838	-0.878272
2.06	35.6883	-0.865806
2.07	35.6929	-0.853129
2.08	35.6975	-0.840331
2.09	35.7021	-0.827495
2.1	35.7067	-0.814696
2.11	35.7113	-0.802003
2.12	35.7158	-0.789474
2.13	35.7202	-0.777158
2.14	35.7246	-0.765098
2.15	35.7288	-0.753329
2.16	35.7329	-0.741884
2.17	35.7369	-0.730793
2.18	35.7408	-0.720083
2.19	35.7445	-0.709788
2.2	35.748	-0.699941
2.21	35.7514	-0.690584
2.22	35.7546	-0.681762
2.23	35.7575	-0.673528
2.24	35.7603	-0.665938
2.25	35.7627	-0.659053
2.26	35.7649	-0.652935
2.27	35.7668	-0.647646
2.28	35.7684	-0.643243
2.29	35.7697	-0.639778
2.3	35.7706	-0.637295
2.31	35.7711	-0.635824
2.32	35.7713	-0.635385
2.33	35.771	-0.635983
2.34	35.7705	-0.63761
2.35	35.7695	-0.640242
2.36	35.7682	-0.643845
2.37	35.7666	-0.648373
2.38	35.7646	-0.653773
2.39	35.7624	-0.659984
2.4	35.7599	-0.666942
2.41	35.7572	-0.674581
2.42	35.7542	-0.682836
2.43	35.751	-0.691643
2.44	35.7477	-0.700941
2.45	35.7442	-0.71067
2.46	35.7405	-0.720775
2.47	35.7368	-0.731202
2.48	35.7329	-0.741895
2.49	35.729	-0.752803
2.5	35.725	-0.76387
2.51	35.721	-0.77504
2.52	35.7169	-0.786253
2.53	35.7129	-0.797446
2.54	35.7089	-0.808554
2.55	35.705	-0.819511
2.56	35.7011	-0.830244
2.57	35.6974	-0.840686
2.58	35.6937	-0.850764
2.59	35.6903	-0.86041
2.6	35.687	-0.869556
2.61	35.6839	-0.878141
2.62	35.681	-0.886102
2.63	35.6784	-0.893387
2.64	35.676	-0.899945
2.65	35.6739	-0.905732
2.66	35.6721	-0.910709
2.67	35.6707	-0.914845
2.68	35.6695	-0.918116
2.69	35.6686	-0.920503
2.7	35.6681	-0.921998
2.71	35.6679	-0.922601
2.72	35.668	-0.922321
2.73	35.6684	-0.921178
2.74	35.6691	-0.919201
2.75	35.6701	-0.916432
2.76	35.6713	-0.912921
2.77	35.6729	-0.90873
2.78	35.6746	-0.90393
2.79	35.6765	-0.898596
2.8	35.6786	-0.892813
2.81	35.6808	-0.886665
2.82	35.6831	-0.880242
2.83	35.6855	-0.873629
2.84	35.6879	-0.866908
2.85	35.6903	-0.860159
2.86	35.6928	-0.853453
2.87	35.6951	-0.846852
2.88	35.6975	-0.840411
2.89	35.6997	-0.834179
2.9	35.7019	-0.828192
2.91	35.7039	-0.822483
2.92	35.7059	-0.817076
2.93	35.7077	-0.81199
2.94	35.7094	-0.807242
2.95	35.711	-0.802845
2.96	35.7124	-0.79881
2.97	35.7137	-0.795149
2.98	35.7149	-0.791871
2.99	35.716	-0.788986
3	35.7169	-0.786504
3.01	35.7176	-0.784434
3.02	35.7182	-0.782784
3.03	35.7186	-0.781561
3.04	35.7189	-0.780767
3.05	35.7191	-0.780403
3.06	35.719	-0.780466
3.07	35.7189	-0.780949
3.08	35.7185	-0.781841
3.09	35.7181	-0.783126
3.1	35.7175	-0.784786
3.11	35.7168	-0.786799
3.12	35.7159	-0.789137
3.13	35.715	-0.791774
3.14	35.7139	-0.794678
3.15	35.7128	-0.797819
3.16	35.7116	-0.801163
3.17	35.7103	-0.804677
3.18	35.709	-0.80833
3.19	35.7076	-0.81209
3.2	35.7063	-0.815926
3.21	35.7049	-0.81981
3.22	35.7035	-0.823715
3.23	35.7021	-0.827616
3.24	35.7007	-0.831494
3.25	35.6993	-0.835329
3.26	35.6979	-0.839106
3.27	35.6966	-0.842814
3.28	35.6953	-0.846442
3.29	35.694	-0.849985
3.3	35.6928	-0.853439
3.31	35.6916	-0.856801
3.32	35.6904	-0.860069
3.33	35.6892	-0.863244
3.34	35.6881	-0.866323
3.35	35.6871	-0.869305
3.36	35.686	-0.872186
3.37	35.685	-0.87496
3.38	35.6841	-0.877617
3.39	35.6831	-0.880146
3.4	35.6823	-0.882532
3.41	35.6815	-0.884759
3.42	35.6808	-0.886807
3.43	35.6801	-0.888656
3.44	35.6795	-0.890284
3.45	35.679	-0.891668
3.46	35.6786	-0.892789
3.47	35.6783	-0.893627
3.48	35.6781	-0.894165
3.49	35.678	-0.894388
3.5	35.6781	-0.894287
3.51	35.6782	-0.893853
3.52	35.6785	-0.893084
3.53	35.6789	-0.89198
3.54	35.6794	-0.890543
3.55	35.68	-0.888782
3.56	35.6808	-0.886707
3.57	35.6816	-0.884328
3.58	35.6826	-0.881661
3.59	35.6837	-0.878722
3.6	35.6848	-0.875527
3.61	35.686	-0.872094
3.62	35.6874	-0.868443
3.63	35.6887	-0.864592
3.64	35.6902	-0.860561
3.65	35.6917	-0.856371
3.66	35.6933	-0.852042
3.67	35.6949	-0.847594
3.68	35.6965	-0.843049
3.69	35.6982	-0.838428
3.7	35.6998	-0.833754
3.71	35.7015	-0.829049
3.72	35.7032	-0.824335
3.73	35.7049	-0.819636
3.74	35.7066	-0.814974
3.75	35.7083	-0.810372
3.76	35.7099	-0.805855
3.77	35.7115	-0.801446
3.78	35.713	-0.797167
3.79	35.7145	-0.793043
3.8	35.7159	-0.789096
3.81	35.7173	-0.785349
3.82	35.7185	-0.781822
3.83	35.7197	-0.778538
3.84	35.7208	-0.775515
3.85	35.7218	-0.772771
3.86	35.7227	-0.770324
3.87	35.7235	-0.768187
3.88	35.7241	-0.766372
3.89	35.7246	-0.764886
3.9	35.7251	-0.763737
3.91	35.7253	-0.762925
3.92	35.7255	-0.762449
3.93	35.7256	-0.762304
3.94	35.7255	-0.76248
3.95	35.7253	-0.762966
3.96	35.7251	-0.763745
3.97	35.7247	-0.764798
3.98	35.7242	-0.766104
3.99	35.7237	-0.76764
4	35.723	-0.769381
4.01	35.7223	-0.7713
4.02	35.7216	-0.773372
4.03	35.7208	-0.77557
4.04	35.72	-0.777868
4.05	35.7191	-0.780239
4.06	35.7182	-0.782659
4.07	35.7174	-0.785105
4.08	35.7165	-0.787554
4.09	35.7156	-0.789983
4.1	35.7147	-0.792374
4.11	35.7139	-0.794706
4.12	35.7131	-0.796963
4.13	35.7123	-0.799125
4.14	35.7116	-0.801179
4.15	35.7109	-0.803108
4.16	35.7102	-0.804899
4.17	35.7096	-0.806539
4.18	35.7091	-0.808016
4.19	35.7086	-0.809321
4.2	35.7082	-0.810443
4.21	35.7079	-0.811376
4.22	35.7076	-0.812113
4.23	35.7074	-0.81265
4.24	35.7073	-0.812984
4.25	35.7073	-0.813114
4.26	35.7073	-0.813042
4.27	35.7074	-0.812769
4.28	35.7076	-0.812299
4.29	35.7078	-0.811639
4.3	35.7081	-0.810795
4.31	35.7085	-0.809778
4.32	35.7089	-0.808596
4.33	35.7094	-0.807262
4.34	35.7099	-0.805788
4.35	35.7105	-0.804188
4.36	35.7111	-0.802478
4.37	35.7118	-0.800672
4.38	35.7124	-0.798788
4.39	35.7131	-0.79684
4.4	35.7139	-0.794847
4.41	35.7146	-0.792825
4.42	35.7153	-0.790789
4.43	35.716	-0.788757
4.44	35.7168	-0.786742
4.45	35.7175	-0.78476
4.46	35.7182	-0.782823
4.47	35.7189	-0.780944
4.48	35.7195	-0.779134
4.49	35.7201	-0.777402
4.5	35.7207	-0.775757
4.51	35.7213	-0.774207
4.52	35.7218	-0.772759
4.53	35.7223	-0.771417
4.54	35.7227	-0.770187
4.55	35.7231	-0.769074
4.56	35.7235	-0.768081
4.57	35.7238	-0.767213
4.58	35.7241	-0.766473
4.59	35.7243	-0.765864
4.6	35.7245	-0.76539
4.61	35.7246	-0.765053
4.62	35.7247	-0.764858
4.63	35.7247	-0.764807
4.64	35.7246	-0.764902
4.65	35.7245	-0.765147
4.66	35.7244	-0.765543
4.67	35.7242	-0.766092
4.68	35.724	-0.766794
4.69	35.7236	-0.767651
4.7	35.7233	-0.768662
4.71	35.7229	-0.769826
4.72	35.7224	-0.771141
4.73	35.7219	-0.772604
4.74	35.7213	-0.774212
4.75	35.7207	-0.77596
4.76	35.72	-0.777843
4.77	35.7193	-0.779854
4.78	35.7185	-0.781988
4.79	35.7177	-0.784235
4.8	35.7168	-0.786586
4.81	35.7159	-0.789034
4.82	35.715	-0.791566
4.83	35.7141	-0.794173
4.84	35.7131	-0.796843
4.85	35.7122	-0.799565
4.86	35.7112	-0.802325
4.87	35.7102	-0.805111
4.88	35.7092	-0.807912
4.89	35.7081	-0.810713
4.9	35.7071	-0.813502
4.91	35.7061	-0.816267
4.92	35.7052	-0.818995
4.93	35.7042	-0.821674
4.94	35.7033	-0.824292
4.95	35.7023	-0.826838
4.96	35.7015	-0.829301
4.97	35.7006	-0.83167
4.98	35.6998	-0.833934
4.99	35.699	-0.836085
5	35.6983	-0.838114
5.01	35.6976	-0.840012
5.02	35.697	-0.841771
5.03	35.6964	-0.843385
5.04	35.6959	-0.844847
5.05	35.6954	-0.846152
5.06	35.695	-0.847295
5.07	35.6946	-0.848275
5.08	35.6943	-0.849088
5.09	35.6941	-0.849735
5.1	35.6939	-0.850215
5.11	35.6938	-0.850531
5.12	35.6938	-0.850686
5.13	35.6938	-0.850685
5.14	35.6938	-0.850533
5.15	35.6939	-0.85024
5.16	35.6941	-0.849812
5.17	35.6943	-0.849261
5.18	35.6945	-0.848597
5.19	35.6948	-0.847831
5.2	35.6951	-0.846976
5.21	35.6954	-0.846046
5.22	35.6958	-0.845053
5.23	35.6962	-0.844011
5.24	35.6965	-0.842934
5.25	35.6969	-0.841835
5.26	35.6973	-0.840728
5.27	35.6977	-0.839626
5.28	35.6981	-0.83854
5.29	35.6985	-0.837482
5.3	35.6989	-0.836464
5.31	35.6992	-0.835496
5.32	35.6995	-0.834586
5.33	35.6999	-0.833743
5.34	35.7001	-0.832974
5.35	35.7004	-0.832285
5.36	35.7006	-0.831681
5.37	35.7008	-0.831167
5.38	35.7009	-0.830744
5.39	35.7011	-0.830416
5.4	35.7011	-0.830183
5.41	35.7012	-0.830046
5.42	35.7012	-0.830003
5.43	35.7012	-0.830052
5.44	35.7011	-0.830192
5.45	35.701	-0.83042
5.46	35.7009	-0.830731
5.47	35.7008	-0.83112
5.48	35.7006	-0.831583
5.49	35.7004	-0.832114
5.5	35.7002	-0.832707
5.51	35.7	-0.833354
5.52	35.6997	-0.834049
5.53	35.6995	-0.834784
5.54	35.6992	-0.835551
5.55	35.6989	-0.836342
5.56	35.6986	-0.837148
5.57	35.6983	-0.837961
5.58	35.698	-0.838773
5.59	35.6978	-0.839573
5.6	35.6975	-0.840355
5.61	35.6972	-0.84111
5.62	35.6969	-0.84183
5.63	35.6967	-0.842507
5.64	35.6965	-0.843135
5.65	35.6963	-0.843707
5.66	35.6961	-0.844216
5.67	35.6959	-0.844659
5.68	35.6958	-0.84503
5.69	35.6957	-0.845326
5.7	35.6956	-0.845544
5.71	35.6956	-0.84568
5.72	35.6955	-0.845735
5.73	35.6955	-0.845705
5.74	35.6956	-0.845592
5.75	35.6957	-0.845396
5.76	35.6958	-0.845116
5.77	35.6959	-0.844754
5.78	35.696	-0.844311
5.79	35.6962	-0.843791
5.8	35.6965	-0.843193
5.81	35.6967	-0.842522
5.82	35.697	-0.841779
5.83	35.6973	-0.840967
5.84	35.6976	-0.840089
5.85	35.6979	-0.839148
5.86	35.6983	-0.838148
5.87	35.6986	-0.837091
5.88	35.699	-0.83598
5.89	35.6995	-0.834819
5.9	35.6999	-0.833611
5.91	35.7004	-0.832359
5.92	35.7008	-0.831067
5.93	35.7013	-0.829738
5.94	35.7018	-0.828375
5.95	35.7023	-0.826982
5.96	35.7028	-0.825563
5.97	35.7033	-0.824122
5.98	35.7038	-0.822661
5.99	35.7044	-0.821186
6	35.7049	-0.819699
6.01	35.7054	-0.818205
6.02	35.706	-0.816708
6.03	35.7065	-0.815212
6.04	35.7071	-0.81372
6.05	35.7076	-0.812237
6.06	35.7081	-0.810766
6.07	35.7086	-0.809311
6.08	35.7092	-0.807875
6.09	35.7097	-0.806463
6.1	35.7102	-0.805076
6.11	35.7107	-0.803719
6.12	35.7111	-0.802395
6.13	35.7116	-0.801106
6.14	35.7121	-0.799854
6.15	35.7125	-0.798643
6.16	35.7129	-0.797475
6.17	35.7133	-0.796352
6.18	35.7137	-0.795276
6.19	35.7141	-0.794249
6.2	35.7144	-0.793272
6.21	35.7148	-0.792348
6.22	35.7151	-0.791478
6.23	35.7154	-0.790664
6.24	35.7156	-0.789906
6.25	35.7159	-0.789205
6.26	35.7161	-0.788562
6.27	35.7163	-0.787978
6.28	35.7165	-0.787452
6.29	35.7167	-0.786986
6.3	35.7168	-0.786578
6.31	35.717	-0.786227
6.32	35.7171	-0.785933
6.33	35.7172	-0.785694
6.34	35.7172	-0.785509
6.35	35.7173	-0.785376
6.36	35.7173	-0.785292
6.37	35.7173	-0.785254
6.38	35.7173	-0.785261
6.39	35.7173	-0.785308
6.4	35.7173	-0.785392
6.41	35.7172	-0.78551
6.42	35.7172	-0.785659
6.43	35.7171	-0.785833
6.44	35.717	-0.78603
6.45	35.717	-0.786245
6.46	35.7169	-0.786476
6.47	35.7168	-0.786717
6.48	35.7167	-0.786966
6.49	35.7166	-0.787219
6.5	35.7165	-0.787473
6.51	35.7164	-0.787724
6.52	35.7163	-0.787971
6.53	35.7162	-0.78821
6.54	35.7162	-0.78844
6.55	35.7161	-0.788658
6.56	35.716	-0.788864
6.57	35.7159	-0.789055
6.58	35.7159	-0.789232
6.59	35.7158	-0.789393
6.6	35.7158	-0.789538
6.61	35.7157	-0.789668
6.62	35.7157	-0.789782
6.63	35.7156	-0.789882
6.64	35.7156	-0.789969
6.65	35.7156	-0.790043
6.66	35.7156	-0.790106
6.67	35.7155	-0.790159
6.68	35.7155	-0.790206
6.69	35.7155	-0.790247
6.7	35.7155	-0.790284
6.71	35.7155	-0.790321
6.72	35.7155	-0.790359
6.73	35.7155	-0.790402
6.74	35.7154	-0.790451
6.75	35.7154	-0.79051
6.76	35.7154	-0.79058
6.77	35.7154	-0.790666
6.78	35.7153	-0.790769
6.79	35.7153	-0.790892
6.8	35.7152	-0.791038
6.81	35.7152	-0.791208
6.82	35.7151	-0.791406
6.83	35.715	-0.791633
6.84	35.7149	-0.79189
6.85	35.7148	-0.792181
6.86	35.7147	-0.792505
6.87	35.7146	-0.792864
6.88	35.7144	-0.79326
6.89	35.7143	-0.793692
6.9	35.7141	-0.794161
6.91	35.7139	-0.794668
6.92	35.7137	-0.795211
6.93	35.7135	-0.795791
6.94	35.7133	-0.796407
6.95	35.7131	-0.797058
6.96	35.7128	-0.797744
6.97	35.7126	-0.798462
6.98	35.7123	-0.799212
6.99	35.712	-0.799992
7	35.7117	-0.8008
7.01	35.7114	-0.801635
7.02	35.7111	-0.802494
7.03	35.7108	-0.803376
7.04	35.7105	-0.804278
7.05	35.7101	-0.8052
7.06	35.7098	-0.806138
7.07	35.7094	-0.807091
7.08	35.7091	-0.808056
7.09	35.7087	-0.809032
7.1	35.7084	-0.810017
7.11	35.708	-0.811009
7.12	35.7077	-0.812005
7.13	35.7073	-0.813005
7.14	35.707	-0.814006
7.15	35.7066	-0.815006
7.16	35.7062	-0.816005
7.17	35.7059	-0.816999
7.18	35.7055	-0.817988
7.19	35.7052	-0.818969
7.2	35.7048	-0.819942
7.21	35.7045	-0.820904
7.22	35.7041	-0.821855
7.23	35.7038	-0.822792
7.24	35.7035	-0.823714
7.25	35.7031	-0.824621
7.26	35.7028	-0.825509
7.27	35.7025	-0.826379
7.28	35.7022	-0.827228
7.29	35.7019	-0.828056
7.3	35.7016	-0.828862
7.31	35.7013	-0.829643
7.32	35.7011	-0.8304
7.33	35.7008	-0.831131
7.34	35.7005	-0.831835
7.35	35.7003	-0.832511
7.36	35.7001	-0.833159
7.37	35.6998	-0.833777
7.38	35.6996	-0.834366
7.39	35.6994	-0.834923
7.4	35.6992	-0.83545
7.41	35.6991	-0.835944
7.42	35.6989	-0.836407
7.43	35.6987	-0.836837
7.44	35.6986	-0.837234
7.45	35.6985	-0.837598
7.46	35.6983	-0.83793
7.47	35.6982	-0.838228
7.48	35.6981	-0.838494
7.49	35.6981	-0.838727
7.5	35.698	-0.838928
7.51	35.6979	-0.839098
7.52	35.6979	-0.839236
7.53	35.6978	-0.839344
7.54	35.6978	-0.839423
7.55	35.6978	-0.839472
7.56	35.6978	-0.839495
7.57	35.6978	-0.83949
7.58	35.6978	-0.839461
7.59	35.6978	-0.839408
7.6	35.6978	-0.839332
7.61	35.6979	-0.839235
7.62	35.6979	-0.839118
7.63	35.698	-0.838984
7.64	35.698	-0.838834
7.65	35.6981	-0.838669
7.66	35.6981	-0.838491
7.67	35.6982	-0.838301
7.68	35.6983	-0.838102
7.69	35.6984	-0.837895
7.7	35.6984	-0.837681
7.71	35.6985	-0.837461
7.72	35.6986	-0.837237
7.73	35.6987	-0.837011
7.74	35.6988	-0.836783
7.75	35.6988	-0.836553
7.76	35.6989	-0.836324
7.77	35.699	-0.836095
7.78	35.6991	-0.835867
7.79	35.6992	-0.835641
7.8	35.6993	-0.835415
7.81	35.6993	-0.835191
7.82	35.6994	-0.834969
7.83	35.6995	-0.834747
7.84	35.6996	-0.834526
7.85	35.6997	-0.834305
7.86	35.6997	-0.834083
7.87	35.6998	-0.83386
7.88	35.6999	-0.833634
7.89	35.7	-0.833404
7.9	35.7001	-0.83317
7.91	35.7001	-0.832929
7.92	35.7002	-0.832681
7.93	35.7003	-0.832425
7.94	35.7004	-0.832159
7.95	35.7005	-0.831881
7.96	35.7006	-0.831591
7.97	35.7007	-0.831286
7.98	35.7009	-0.830967
7.99	35.701	-0.83063
8	35.7011	-0.830276
8.01	35.7012	-0.829902
8.02	35.7014	-0.829508
8.03	35.7015	-0.829093
8.04	35.7017	-0.828655
8.05	35.7019	-0.828195
8.06	35.702	-0.827711
8.07	35.7022	-0.827203
8.08	35.7024	-0.82667
8.09	35.7026	-0.826112
8.1	35.7028	-0.825529
8.11	35.703	-0.824922
8.12	35.7033	-0.824289
8.13	35.7035	-0.823633
8.14	35.7037	-0.822953
8.15	35.704	-0.822249
8.16	35.7043	-0.821524
8.17	35.7045	-0.820777
8.18	35.7048	-0.820009
8.19	35.7051	-0.819223
8.2	35.7054	-0.81842
8.21	35.7057	-0.8176
8.22	35.706	-0.816765
8.23	35.7063	-0.815918
8.24	35.7066	-0.815059
8.25	35.7069	-0.81419
8.26	35.7072	-0.813314
8.27	35.7075	-0.812432
8.28	35.7078	-0.811545
8.29	35.7082	-0.810657
8.3	35.7085	-0.809767
8.31	35.7088	-0.808879
8.32	35.7091	-0.807995
8.33	35.7094	-0.807115
8.34	35.7098	-0.806241
8.35	35.7101	-0.805376
8.36	35.7104	-0.804521
8.37	35.7107	-0.803678
8.38	35.711	-0.802847
8.39	35.7113	-0.802031
8.4	35.7116	-0.801231
8.41	35.7118	-0.800449
8.42	35.7121	-0.799684
8.43	35.7124	-0.79894
8.44	35.7126	-0.798217
8.45	35.7129	-0.797515
8.46	35.7131	-0.796837
8.47	35.7134	-0.796182
8.48	35.7136	-0.795552
8.49	35.7138	-0.794948
8.5	35.714	-0.794369
8.51	35.7142	-0.793818
8.52	35.7144	-0.793294
8.53	35.7146	-0.792797
8.54	35.7148	-0.792329
8.55	35.7149	-0.79189
8.56	35.7151	-0.791479
8.57	35.7152	-0.791098
8.58	35.7153	-0.790745
8.59	35.7154	-0.790422
8.6	35.7156	-0.790128
8.61	35.7156	-0.789864
8.62	35.7157	-0.789628
8.63	35.7158	-0.789422
8.64	35.7159	-0.789244
8.65	35.7159	-0.789095
8.66	35.716	-0.788974
8.67	35.716	-0.788881
8.68	35.716	-0.788816
8.69	35.716	-0.788777
8.7	35.716	-0.788765
8.71	35.716	-0.788779
8.72	35.716	-0.788819
8.73	35.716	-0.788883
8.74	35.716	-0.788972
8.75	35.7159	-0.789084
8.76	35.7159	-0.789219
8.77	35.7158	-0.789376
8.78	35.7158	-0.789554
8.79	35.7157	-0.789753
8.8	35.7156	-0.789971
8.81	35.7155	-0.790209
8.82	35.7154	-0.790464
8.83	35.7153	-0.790736
8.84	35.7152	-0.791025
8.85	35.7151	-0.791329
8.86	35.715	-0.791647
8.87	35.7149	-0.791978
8.88	35.7148	-0.792323
8.89	35.7146	-0.792679
8.9	35.7145	-0.793046
8.91	35.7144	-0.793423
8.92	35.7142	-0.79381
8.93	35.7141	-0.794205
8.94	35.7139	-0.794608
8.95	35.7138	-0.795018
8.96	35.7136	-0.795434
8.97	35.7135	-0.795857
8.98	35.7133	-0.796286
8.99	35.7132	-0.796719
9	35.713	-0.797157
9.01	35.7129	-0.7976
9.02	35.7127	-0.798046
9.03	35.7125	-0.798496
9.04	35.7124	-0.79895
9.05	35.7122	-0.799408
9.06	35.712	-0.799869
9.07	35.7119	-0.800333
9.08	35.7117	-0.800801
9.09	35.7115	-0.801272
9.1	35.7114	-0.801747
9.11	35.7112	-0.802225
9.12	35.711	-0.802707
9.13	35.7109	-0.803193
9.14	35.7107	-0.803683
9.15	35.7105	-0.804177
9.16	35.7103	-0.804676
9.17	35.7101	-0.805179
9.18	35.71	-0.805688
9.19	35.7098	-0.806201
9.2	35.7096	-0.806719
9.21	35.7094	-0.807243
9.22	35.7092	-0.807772
9.23	35.709	-0.808306
9.24	35.7088	-0.808846
9.25	35.7086	-0.809392
9.26	35.7084	-0.809942
9.27	35.7082	-0.810499
9.28	35.708	-0.81106
9.29	35.7078	-0.811627
9.3	35.7076	-0.812199
9.31	35.7074	-0.812775
9.32	35.7072	-0.813355
9.33	35.707	-0.81394
9.34	35.7068	-0.814528
9.35	35.7066	-0.815119
9.36	35.7063	-0.815713
9.37	35.7061	-0.816309
9.38	35.7059	-0.816906
9.39	35.7057	-0.817504
9.4	35.7055	-0.818102
9.41	35.7053	-0.818699
9.42	35.7051	-0.819296
9.43	35.7048	-0.81989
9.44	35.7046	-0.820482
9.45	35.7044	-0.82107
9.46	35.7042	-0.821653
9.47	35.704	-0.822232
9.48	35.7038	-0.822805
9.49	35.7036	-0.823371
9.5	35.7034	-0.82393
9.51	35.7032	-0.824481
9.52	35.703	-0.825023
9.53	35.7028	-0.825555
9.54	35.7026	-0.826078
9.55	35.7024	-0.826589
9.56	35.7022	-0.827089
9.57	35.7021	-0.827578
9.58	35.7019	-0.828053
9.59	35.7017	-0.828516
9.6	35.7016	-0.828965
9.61	35.7014	-0.8294
9.62	35.7013	-0.829821
9.63	35.7011	-0.830227
9.64	35.701	-0.830619
9.65	35.7008	-0.830994
9.66	35.7007	-0.831354
9.67	35.7006	-0.831699
9.68	35.7005	-0.832027
9.69	35.7004	-0.832339
9.7	35.7003	-0.832634
9.71	35.7002	-0.832913
9.72	35.7001	-0.833175
9.73	35.7	-0.833421
9.74	35.6999	-0.833649
9.75	35.6998	-0.833861
9.76	35.6997	-0.834055
9.77	35.6997	-0.834233
9.78	35.6996	-0.834393
9.79	35.6996	-0.834537
9.8	35.6995	-0.834663
9.81	35.6995	-0.834773
9.82	35.6994	-0.834865
9.83	35.6994	-0.83494
9.84	35.6994	-0.834998
9.85	35.6994	-0.83504
9.86	35.6994	-0.835064
9.87	35.6994	-0.835071
9.88	35.6994	-0.835062
9.89	35.6994	-0.835035
9.9	35.6994	-0.834992
9.91	35.6994	-0.834932
9.92	35.6995	-0.834855
9.93	35.6995	-0.834761
9.94	35.6995	-0.834651
9.95	35.6996	-0.834524
9.96	35.6996	-0.834381
9.97	35.6997	-0.834221
9.98	35.6997	-0.834044
9.99	35.6998	-0.833852
10	35.6999	-0.833643
10.01	35.7	-0.833418
10.02	35.7001	-0.833178
10.03	35.7001	-0.832921
10.04	35.7002	-0.832649
10.05	35.7004	-0.832362
10.06	35.7005	-0.832059
10.07	35.7006	-0.831741
10.08	35.7007	-0.831409
10.09	35.7008	-0.831062
10.1	35.7009	-0.830701
10.11	35.7011	-0.830326
10.12	35.7012	-0.829937
10.13	35.7014	-0.829535
10.14	35.7015	-0.829119
10.15	35.7017	-0.828691
10.16	35.7018	-0.828251
10.17	35.702	-0.827798
10.18	35.7022	-0.827334
10.19	35.7023	-0.826859
10.2	35.7025	-0.826373
10.21	35.7027	-0.825876
10.22	35.7029	-0.82537
10.23	35.7031	-0.824854
10.24	35.7032	-0.824328
10.25	35.7034	-0.823794
10.26	35.7036	-0.823251
10.27	35.7038	-0.822701
10.28	35.704	-0.822143
10.29	35.7042	-0.821578
10.3	35.7044	-0.821006
10.31	35.7046	-0.820429
10.32	35.7049	-0.819846
10.33	35.7051	-0.819258
10.34	35.7053	-0.818665
10.35	35.7055	-0.818068
10.36	35.7057	-0.817467
10.37	35.7059	-0.816863
10.38	35.7061	-0.816256
10.39	35.7064	-0.815648
10.4	35.7066	-0.815037
10.41	35.7068	-0.814426
10.42	35.707	-0.813814
10.43	35.7072	-0.813202
10.44	35.7075	-0.81259
10.45	35.7077	-0.81198
10.46	35.7079	-0.811371
10.47	35.7081	-0.810765
10.48	35.7083	-0.810161
10.49	35.7086	-0.80956
10.5	35.7088	-0.808964
10.51	35.709	-0.808372
10.52	35.7092	-0.807785
10.53	35.7094	-0.807204
10.54	35.7096	-0.806629
10.55	35.7098	-0.806061
10.56	35.71	-0.805501
10.57	35.7102	-0.804949
10.58	35.7104	-0.804406
10.59	35.7106	-0.803872
10.6	35.7108	-0.803348
10.61	35.711	-0.802834
10.62	35.7112	-0.802332
10.63	35.7113	-0.801841
10.64	35.7115	-0.801362
10.65	35.7117	-0.800897
10.66	35.7118	-0.800444
10.67	35.712	-0.800006
10.68	35.7122	-0.799582
10.69	35.7123	-0.799172
10.7	35.7124	-0.798778
10.71	35.7126	-0.798399
10.72	35.7127	-0.798037
10.73	35.7128	-0.797691
10.74	35.713	-0.797361
10.75	35.7131	-0.797049
10.76	35.7132	-0.796753
10.77	35.7133	-0.796476
10.78	35.7134	-0.796216
10.79	35.7135	-0.795974
10.8	35.7135	-0.79575
10.81	35.7136	-0.795544
10.82	35.7137	-0.795356
10.83	35.7137	-0.795187
10.84	35.7138	-0.795036
10.85	35.7138	-0.794903
10.86	35.7139	-0.794789
10.87	35.7139	-0.794693
10.88	35.7139	-0.794614
10.89	35.714	-0.794554
10.9	35.714	-0.794511
10.91	35.714	-0.794486
10.92	35.714	-0.794478
10.93	35.714	-0.794488
10.94	35.714	-0.794514
10.95	35.714	-0.794557
10.96	35.7139	-0.794616
10.97	35.7139	-0.794691
10.98	35.7139	-0.794782
10.99	35.7138	-0.794888
11	35.7138	-0.79501
11.01	35.7137	-0.795146
11.02	35.7137	-0.795296
11.03	35.7136	-0.795461
11.04	35.7136	-0.795639
11.05	35.7135	-0.79583
11.06	35.7134	-0.796035
11.07	35.7134	-0.796251
11.08	35.7133	-0.796481
11.09	35.7132	-0.796722
11.1	35.7131	-0.796974
11.11	35.713	-0.797238
11.12	35.7129	-0.797512
11.13	35.7128	-0.797797
11.14	35.7127	-0.798092
11.15	35.7126	-0.798396
11.16	35.7125	-0.79871
11.17	35.7123	-0.799033
11.18	35.7122	-0.799365
11.19	35.7121	-0.799706
11.2	35.712	-0.800054
11.21	35.7119	-0.80041
11.22	35.7117	-0.800774
11.23	35.7116	-0.801146
11.24	35.7115	-0.801524
11.25	35.7113	-0.801908
11.26	35.7112	-0.8023
11.27	35.711	-0.802697
11.28	35.7109	-0.8031
11.29	35.7107	-0.803509
11.3	35.7106	-0.803923
11.31	35.7104	-0.804342
11.32	35.7103	-0.804766
11.33	35.7101	-0.805195
11.34	35.71	-0.805628
11.35	35.7098	-0.806065
11.36	35.7097	-0.806506
11.37	35.7095	-0.80695
11.38	35.7093	-0.807398
11.39	35.7092	-0.807849
11.4	35.709	-0.808303
11.41	35.7088	-0.80876
11.42	35.7087	-0.809219
11.43	35.7085	-0.80968
11.44	35.7083	-0.810143
11.45	35.7082	-0.810608
11.46	35.708	-0.811074
11.47	35.7078	-0.811542
11.48	35.7077	-0.81201
11.49	35.7075	-0.81248
11.5	35.7073	-0.812949
11.51	35.7072	-0.81342
11.52	35.707	-0.81389
11.53	35.7068	-0.81436
11.54	35.7067	-0.81483
11.55	35.7065	-0.815299
11.56	35.7063	-0.815767
11.57	35.7062	-0.816234
11.58	35.706	-0.816699
11.59	35.7058	-0.817163
11.6	35.7057	-0.817625
11.61	35.7055	-0.818085
11.62	35.7053	-0.818542
11.63	35.7052	-0.818996
11.64	35.705	-0.819448
11.65	35.7048	-0.819896
11.66	35.7047	-0.82034
11.67	35.7045	-0.820781
11.68	35.7044	-0.821217
11.69	35.7042	-0.821648
11.7	35.7041	-0.822075
11.71	35.7039	-0.822497
11.72	35.7038	-0.822912
11.73	35.7036	-0.823323
11.74	35.7035	-0.823726
11.75	35.7033	-0.824124
11.76	35.7032	-0.824514
11.77	35.703	-0.824897
11.78	35.7029	-0.825272
11.79	35.7028	-0.825639
11.8	35.7026	-0.825998
11.81	35.7025	-0.826348
11.82	35.7024	-0.826689
11.83	35.7023	-0.827021
11.84	35.7022	-0.827342
11.85	35.702	-0.827654
11.86	35.7019	-0.827954
11.87	35.7018	-0.828244
11.88	35.7017	-0.828522
11.89	35.7016	-0.828789
11.9	35.7015	-0.829043
11.91	35.7015	-0.829285
11.92	35.7014	-0.829515
11.93	35.7013	-0.829731
11.94	35.7012	-0.829934
11.95	35.7012	-0.830123
11.96	35.7011	-0.830298
11.97	35.701	-0.830458
11.98	35.701	-0.830604
11.99	35.7009	-0.830736
12	35.7009	-0.830852
12.01	35.7009	-0.830953
12.02	35.7008	-0.831039
12.03	35.7008	-0.831109
12.04	35.7008	-0.831163
12.05	35.7008	-0.831201
12.06	35.7008	-0.831223
12.07	35.7008	-0.831229
12.08	35.7008	-0.831219
12.09	35.7008	-0.831193
12.1	35.7008	-0.831151
12.11	35.7008	-0.831092
12.12	35.7008	-0.831017
12.13	35.7009	-0.830926
12.14	35.7009	-0.830819
12.15	35.701	-0.830695
12.16	35.701	-0.830556
12.17	35.7011	-0.830401
12.18	35.7011	-0.830231
12.19	35.7012	-0.830045
12.2	35.7013	-0.829844
12.21	35.7013	-0.829628
12.22	35.7014	-0.829397
12.23	35.7015	-0.829152
12.24	35.7016	-0.828893
12.25	35.7017	-0.82862
12.26	35.7018	-0.828333
12.27	35.7019	-0.828034
12.28	35.702	-0.827721
12.29	35.7021	-0.827396
12.3	35.7023	-0.82706
12.31	35.7024	-0.826711
12.32	35.7025	-0.826351
12.33	35.7026	-0.825981
12.34	35.7028	-0.8256
12.35	35.7029	-0.82521
12.36	35.7031	-0.82481
12.37	35.7032	-0.824401
12.38	35.7034	-0.823984
12.39	35.7035	-0.823559
12.4	35.7037	-0.823126
12.41	35.7038	-0.822686
12.42	35.704	-0.82224
12.43	35.7042	-0.821788
12.44	35.7043	-0.821331
12.45	35.7045	-0.820868
12.46	35.7047	-0.820402
12.47	35.7048	-0.819931
12.48	35.705	-0.819456
12.49	35.7052	-0.818979
12.5	35.7053	-0.8185
12.51	35.7055	-0.818018
12.52	35.7057	-0.817535
12.53	35.7059	-0.817051
12.54	35.706	-0.816566
12.55	35.7062	-0.816082
12.56	35.7064	-0.815598
12.57	35.7066	-0.815114
12.58	35.7067	-0.814632
12.59	35.7069	-0.814152
12.6	35.7071	-0.813674
12.61	35.7072	-0.813199
12.62	35.7074	-0.812727
12.63	35.7076	-0.812258
12.64	35.7078	-0.811793
12.65	35.7079	-0.811332
12.66	35.7081	-0.810876
12.67	35.7082	-0.810424
12.68	35.7084	-0.809979
12.69	35.7086	-0.809538
12.7	35.7087	-0.809104
12.71	35.7089	-0.808676
12.72	35.709	-0.808254
12.73	35.7092	-0.80784
12.74	35.7093	-0.807432
12.75	35.7095	-0.807032
12.76	35.7096	-0.80664
12.77	35.7097	-0.806256
12.78	35.7099	-0.80588
12.79	35.71	-0.805512
12.8	35.7101	-0.805153
12.81	35.7103	-0.804802
12.82	35.7104	-0.804461
12.83	35.7105	-0.804128
12.84	35.7106	-0.803806
12.85	35.7107	-0.803492
12.86	35.7109	-0.803188
12.87	35.711	-0.802894
12.88	35.7111	-0.80261
12.89	35.7112	-0.802336
12.9	35.7113	-0.802072
12.91	35.7113	-0.801818
12.92	35.7114	-0.801574
12.93	35.7115	-0.801341
12.94	35.7116	-0.801119
12.95	35.7117	-0.800907
12.96	35.7117	-0.800705
12.97	35.7118	-0.800514
12.98	35.7119	-0.800334
12.99	35.7119	-0.800165
13	35.712	-0.800006
13.01	35.7121	-0.799858
13.02	35.7121	-0.799721
13.03	35.7121	-0.799595
13.04	35.7122	-0.79948
13.05	35.7122	-0.799376
13.06	35.7123	-0.799283
13.07	35.7123	-0.7992
13.08	35.7123	-0.799129
13.09	35.7123	-0.799068
13.1	35.7124	-0.799018
13.11	35.7124	-0.79898
13.12	35.7124	-0.798952
13.13	35.7124	-0.798935
13.14	35.7124	-0.798929
13.15	35.7124	-0.798933
13.16	35.7124	-0.798949
13.17	35.7124	-0.798976
13.18	35.7124	-0.799013
13.19	35.7123	-0.799061
13.2	35.7123	-0.79912
13.21	35.7123	-0.799189
13.22	35.7123	-0.799269
13.23	35.7122	-0.79936
13.24	35.7122	-0.799461
13.25	35.7122	-0.799573
13.26	35.7121	-0.799695
13.27	35.7121	-0.799828
13.28	35.712	-0.799971
13.29	35.712	-0.800124
13.3	35.7119	-0.800287
13.31	35.7118	-0.80046
13.32	35.7118	-0.800644
13.33	35.7117	-0.800837
13.34	35.7116	-0.80104
13.35	35.7115	-0.801253
13.36	35.7115	-0.801475
13.37	35.7114	-0.801707
13.38	35.7113	-0.801948
13.39	35.7112	-0.802198
13.4	35.7111	-0.802457
13.41	35.711	-0.802725
13.42	35.7109	-0.803001
13.43	35.7108	-0.803286
13.44	35.7107	-0.803579
13.45	35.7106	-0.803881
13.46	35.7105	-0.80419
13.47	35.7104	-0.804506
13.48	35.7103	-0.80483
13.49	35.7101	-0.805162
13.5	35.71	-0.8055
13.51	35.7099	-0.805845
13.52	35.7098	-0.806196
13.53	35.7096	-0.806553
13.54	35.7095	-0.806917
13.55	35.7094	-0.807286
13.56	35.7092	-0.80766
13.57	35.7091	-0.808039
13.58	35.709	-0.808423
13.59	35.7088	-0.808811
13.6	35.7087	-0.809203
13.61	35.7085	-0.809599
13.62	35.7084	-0.809998
13.63	35.7083	-0.810401
13.64	35.7081	-0.810806
13.65	35.708	-0.811214
13.66	35.7078	-0.811623
13.67	35.7077	-0.812035
13.68	35.7075	-0.812448
13.69	35.7074	-0.812861
13.7	35.7072	-0.813276
13.71	35.7071	-0.813691
13.72	35.7069	-0.814106
13.73	35.7068	-0.81452
13.74	35.7066	-0.814934
13.75	35.7065	-0.815347
13.76	35.7063	-0.815758
13.77	35.7062	-0.816167
13.78	35.706	-0.816574
13.79	35.7059	-0.816979
13.8	35.7057	-0.817381
13.81	35.7056	-0.81778
13.82	35.7055	-0.818175
13.83	35.7053	-0.818567
13.84	35.7052	-0.818954
13.85	35.705	-0.819337
13.86	35.7049	-0.819714
13.87	35.7048	-0.820087
13.88	35.7046	-0.820454
13.89	35.7045	-0.820815
13.9	35.7044	-0.821169
13.91	35.7043	-0.821518
13.92	35.7041	-0.821859
13.93	35.704	-0.822193
13.94	35.7039	-0.82252
13.95	35.7038	-0.822838
13.96	35.7037	-0.823149
13.97	35.7036	-0.823451
13.98	35.7035	-0.823745
13.99	35.7034	-0.824029
14	35.7033	-0.824305
14.01	35.7032	-0.82457
14.02	35.7031	-0.824826
14.03	35.703	-0.825072
14.04	35.7029	-0.825308
14.05	35.7028	-0.825533
14.06	35.7027	-0.825747
14.07	35.7027	-0.825951
14.08	35.7026	-0.826143
14.09	35.7025	-0.826323
14.1	35.7025	-0.826492
14.11	35.7024	-0.82665
14.12	35.7024	-0.826795
14.13	35.7023	-0.826929
14.14	35.7023	-0.82705
14.15	35.7022	-0.827159
14.16	35.7022	-0.827255
14.17	35.7022	-0.827339
14.18	35.7021	-0.827411
14.19	35.7021	-0.827469
14.2	35.7021	-0.827516
14.21	35.7021	-0.827549
14.22	35.7021	-0.82757
14.23	35.7021	-0.827578
14.24	35.7021	-0.827573
14.25	35.7021	-0.827555
14.26	35.7021	-0.827526
14.27	35.7021	-0.827483
14.28	35.7021	-0.827428
14.29	35.7022	-0.827361
14.3	35.7022	-0.827281
14.31	35.7022	-0.82719
14.32	35.7022	-0.827086
14.33	35.7023	-0.826971
14.34	35.7023	-0.826844
14.35	35.7024	-0.826706
14.36	35.7024	-0.826556
14.37	35.7025	-0.826396
14.38	35.7026	-0.826225
14.39	35.7026	-0.826043
14.4	35.7027	-0.825851
14.41	35.7028	-0.825649
14.42	35.7028	-0.825438
14.43	35.7029	-0.825216
14.44	35.703	-0.824986
14.45	35.7031	-0.824747
14.46	35.7032	-0.8245
14.47	35.7033	-0.824244
14.48	35.7034	-0.82398
14.49	35.7035	-0.823709
14.5	35.7036	-0.823431
14.51	35.7037	-0.823145
14.52	35.7038	-0.822853
14.53	35.7039	-0.822555
14.54	35.704	-0.822251
14.55	35.7041	-0.821941
14.56	35.7042	-0.821626
14.57	35.7043	-0.821306
14.58	35.7044	-0.820982
14.59	35.7046	-0.820653
14.6	35.7047	-0.820321
14.61	35.7048	-0.819985
14.62	35.7049	-0.819646
14.63	35.7051	-0.819303
14.64	35.7052	-0.818959
14.65	35.7053	-0.818612
14.66	35.7054	-0.818263
14.67	35.7056	-0.817913
14.68	35.7057	-0.817561
14.69	35.7058	-0.817208
14.7	35.7059	-0.816855
14.71	35.7061	-0.816501
14.72	35.7062	-0.816147
14.73	35.7063	-0.815793
14.74	35.7064	-0.81544
14.75	35.7066	-0.815087
14.76	35.7067	-0.814735
14.77	35.7068	-0.814384
14.78	35.7069	-0.814035
14.79	35.7071	-0.813688
14.8	35.7072	-0.813342
14.81	35.7073	-0.812999
14.82	35.7074	-0.812658
14.83	35.7076	-0.812319
14.84	35.7077	-0.811983
14.85	35.7078	-0.81165
14.86	35.7079	-0.811321
14.87	35.708	-0.810994
14.88	35.7082	-0.810671
14.89	35.7083	-0.810352
14.9	35.7084	-0.810037
14.91	35.7085	-0.809725
14.92	35.7086	-0.809418
14.93	35.7087	-0.809115
14.94	35.7088	-0.808816
14.95	35.7089	-0.808522
14.96	35.709	-0.808233
14.97	35.7091	-0.807948
14.98	35.7092	-0.807668
14.99	35.7093	-0.807394
15	35.7094	-0.807124
15.01	35.7095	-0.80686
15.02	35.7096	-0.806601
15.03	35.7097	-0.806348
15.04	35.7098	-0.806101
15.05	35.7099	-0.805859
15.06	35.71	-0.805623
15.07	35.7101	-0.805392
15.08	35.7101	-0.805168
15.09	35.7102	-0.80495
15.1	35.7103	-0.804739
15.11	35.7104	-0.804533
15.12	35.7104	-0.804334
15.13	35.7105	-0.804142
15.14	35.7106	-0.803957
15.15	35.7106	-0.803778
15.16	35.7107	-0.803606
15.17	35.7108	-0.803441
15.18	35.7108	-0.803284
15.19	35.7109	-0.803133
15.2	35.7109	-0.802991
15.21	35.711	-0.802855
15.22	35.711	-0.802728
15.23	35.7111	-0.802608
15.24	35.7111	-0.802496
15.25	35.7111	-0.802392
15.26	35.7112	-0.802297
15.27	35.7112	-0.80221
15.28	35.7112	-0.802131
15.29	35.7113	-0.802061
15.3	35.7113	-0.801999
15.31	35.7113	-0.801947
15.32	35.7113	-0.801903
15.33	35.7113	-0.801869
15.34	35.7113	-0.801843
15.35	35.7113	-0.801827
15.36	35.7113	-0.801821
15.37	35.7113	-0.801824
15.38	35.7113	-0.801836
15.39	35.7113	-0.801858
15.4	35.7113	-0.80189
15.41	35.7113	-0.801931
15.42	35.7113	-0.801983
15.43	35.7113	-0.802044
15.44	35.7112	-0.802115
15.45	35.7112	-0.802196
15.46	35.7112	-0.802287
15.47	35.7111	-0.802388
15.48	35.7111	-0.802499
15.49	35.7111	-0.80262
15.5	35.711	-0.802751
15.51	35.711	-0.802891
15.52	35.7109	-0.803041
15.53	35.7108	-0.803201
15.54	35.7108	-0.80337
15.55	35.7107	-0.803549
15.56	35.7107	-0.803736
15.57	35.7106	-0.803933
15.58	35.7105	-0.804139
15.59	35.7104	-0.804354
15.6	35.7104	-0.804578
15.61	35.7103	-0.80481
15.62	35.7102	-0.80505
15.63	35.7101	-0.805298
15.64	35.71	-0.805554
15.65	35.7099	-0.805817
15.66	35.7098	-0.806088
15.67	35.7097	-0.806366
15.68	35.7096	-0.806651
15.69	35.7095	-0.806942
15.7	35.7094	-0.807239
15.71	35.7093	-0.807542
15.72	35.7092	-0.807851
15.73	35.7091	-0.808165
15.74	35.7089	-0.808484
15.75	35.7088	-0.808808
15.76	35.7087	-0.809136
15.77	35.7086	-0.809467
15.78	35.7085	-0.809803
15.79	35.7083	-0.810142
15.8	35.7082	-0.810484
15.81	35.7081	-0.810828
15.82	35.708	-0.811175
15.83	35.7079	-0.811523
15.84	35.7077	-0.811873
15.85	35.7076	-0.812224
15.86	35.7075	-0.812576
15.87	35.7073	-0.812928
15.88	35.7072	-0.813281
15.89	35.7071	-0.813633
15.9	35.707	-0.813984
15.91	35.7068	-0.814334
15.92	35.7067	-0.814683
15.93	35.7066	-0.815031
15.94	35.7065	-0.815376
15.95	35.7063	-0.815719
15.96	35.7062	-0.816059
15.97	35.7061	-0.816395
15.98	35.706	-0.816729
15.99	35.7059	-0.817058
16	35.7057	-0.817384
16.01	35.7056	-0.817705
16.02	35.7055	-0.818021
16.03	35.7054	-0.818332
16.04	35.7053	-0.818638
16.05	35.7052	-0.818938
16.06	35.7051	-0.819232
16.07	35.705	-0.81952
16.08	35.7049	-0.819801
16.09	35.7048	-0.820076
16.1	35.7047	-0.820343
16.11	35.7046	-0.820604
16.12	35.7045	-0.820856
16.13	35.7044	-0.821101
16.14	35.7043	-0.821338
16.15	35.7042	-0.821567
16.16	35.7042	-0.821787
16.17	35.7041	-0.821999
16.18	35.704	-0.822203
16.19	35.7039	-0.822397
16.2	35.7039	-0.822583
16.21	35.7038	-0.822759
16.22	35.7037	-0.822926
16.23	35.7037	-0.823084
16.24	35.7036	-0.823232
16.25	35.7036	-0.823371
16.26	35.7035	-0.823501
16.27	35.7035	-0.823621
16.28	35.7035	-0.823731
16.29	35.7034	-0.823831
16.3	35.7034	-0.823922
16.31	35.7034	-0.824003
16.32	35.7033	-0.824075
16.33	35.7033	-0.824137
16.34	35.7033	-0.824189
16.35	35.7033	-0.824232
16.36	35.7033	-0.824265
16.37	35.7033	-0.824289
16.38	35.7033	-0.824303
16.39	35.7032	-0.824309
16.4	35.7033	-0.824305
16.41	35.7033	-0.824292
16.42	35.7033	-0.82427
16.43	35.7033	-0.82424
16.44	35.7033	-0.824201
16.45	35.7033	-0.824153
16.46	35.7033	-0.824097
16.47	35.7033	-0.824032
16.48	35.7034	-0.82396
16.49	35.7034	-0.823879
16.5	35.7034	-0.823791
16.51	35.7035	-0.823696
16.52	35.7035	-0.823593
16.53	35.7035	-0.823482
16.54	35.7036	-0.823365
16.55	35.7036	-0.823241
16.56	35.7037	-0.82311
16.57	35.7037	-0.822972
16.58	35.7038	-0.822829
16.59	35.7038	-0.822679
16.6	35.7039	-0.822523
16.61	35.704	-0.822362
16.62	35.704	-0.822194
16.63	35.7041	-0.822022
16.64	35.7041	-0.821844
16.65	35.7042	-0.821662
16.66	35.7043	-0.821474
16.67	35.7043	-0.821282
16.68	35.7044	-0.821086
16.69	35.7045	-0.820885
16.7	35.7046	-0.820681
16.71	35.7046	-0.820472
16.72	35.7047	-0.82026
16.73	35.7048	-0.820044
16.74	35.7049	-0.819824
16.75	35.7049	-0.819602
16.76	35.705	-0.819376
16.77	35.7051	-0.819148
16.78	35.7052	-0.818917
16.79	35.7053	-0.818684
16.8	35.7054	-0.818448
16.81	35.7054	-0.818209
16.82	35.7055	-0.817969
16.83	35.7056	-0.817727
16.84	35.7057	-0.817483
16.85	35.7058	-0.817238
16.86	35.7059	-0.81699
16.87	35.706	-0.816742
16.88	35.7061	-0.816492
16.89	35.7062	-0.816241
16.9	35.7062	-0.81599
16.91	35.7063	-0.815737
16.92	35.7064	-0.815484
16.93	35.7065	-0.81523
16.94	35.7066	-0.814975
16.95	35.7067	-0.814721
16.96	35.7068	-0.814465
16.97	35.7069	-0.81421
16.98	35.707	-0.813955
16.99	35.7071	-0.8137
17	35.7072	-0.813445
17.01	35.7073	-0.81319
17.02	35.7073	-0.812936
17.03	35.7074	-0.812682
17.04	35.7075	-0.812429
17.05	35.7076	-0.812176
17.06	35.7077	-0.811925
17.07	35.7078	-0.811674
17.08	35.7079	-0.811425
17.09	35.708	-0.811177
17.1	35.7081	-0.81093
17.11	35.7082	-0.810684
17.12	35.7082	-0.810441
17.13	35.7083	-0.810199
17.14	35.7084	-0.809958
17.15	35.7085	-0.80972
17.16	35.7086	-0.809484
17.17	35.7087	-0.809251
17.18	35.7088	-0.80902
17.19	35.7088	-0.808791
17.2	35.7089	-0.808566
17.21	35.709	-0.808343
17.22	35.7091	-0.808124
17.23	35.7092	-0.807908
17.24	35.7092	-0.807695
17.25	35.7093	-0.807487
17.26	35.7094	-0.807282
17.27	35.7095	-0.807081
17.28	35.7095	-0.806885
17.29	35.7096	-0.806693
17.3	35.7097	-0.806506
17.31	35.7097	-0.806324
17.32	35.7098	-0.806148
17.33	35.7098	-0.805976
17.34	35.7099	-0.805811
17.35	35.71	-0.805651
17.36	35.71	-0.805497
17.37	35.7101	-0.805349
17.38	35.7101	-0.805208
17.39	35.7102	-0.805074
17.4	35.7102	-0.804946
17.41	35.7103	-0.804826
17.42	35.7103	-0.804713
17.43	35.7103	-0.804607
17.44	35.7104	-0.804509
17.45	35.7104	-0.804418
17.46	35.7104	-0.804336
17.47	35.7105	-0.804262
17.48	35.7105	-0.804196
17.49	35.7105	-0.804139
17.5	35.7105	-0.80409
17.51	35.7105	-0.804049
17.52	35.7106	-0.804018
17.53	35.7106	-0.803995
17.54	35.7106	-0.803982
17.55	35.7106	-0.803977
17.56	35.7106	-0.803981
17.57	35.7106	-0.803995
17.58	35.7106	-0.804018
17.59	35.7105	-0.80405
17.6	35.7105	-0.804091
17.61	35.7105	-0.804141
17.62	35.7105	-0.804201
17.63	35.7105	-0.804269
17.64	35.7104	-0.804347
17.65	35.7104	-0.804434
17.66	35.7104	-0.80453
17.67	35.7103	-0.804634
17.68	35.7103	-0.804748
17.69	35.7102	-0.80487
17.7	35.7102	-0.805
17.71	35.7102	-0.805139
17.72	35.7101	-0.805286
17.73	35.71	-0.805442
17.74	35.71	-0.805605
17.75	35.7099	-0.805776
17.76	35.7099	-0.805954
17.77	35.7098	-0.80614
17.78	35.7097	-0.806333
17.79	35.7096	-0.806533
17.8	35.7096	-0.806739
17.81	35.7095	-0.806952
17.82	35.7094	-0.807171
17.83	35.7093	-0.807396
17.84	35.7093	-0.807626
17.85	35.7092	-0.807862
17.86	35.7091	-0.808104
17.87	35.709	-0.808349
17.88	35.7089	-0.8086
17.89	35.7088	-0.808855
17.9	35.7087	-0.809113
17.91	35.7086	-0.809375
17.92	35.7085	-0.809641
17.93	35.7084	-0.80991
17.94	35.7083	-0.810181
17.95	35.7082	-0.810455
17.96	35.7081	-0.81073
17.97	35.708	-0.811008
17.98	35.7079	-0.811287
17.99	35.7078	-0.811567
18	35.7077	-0.811848
18.01	35.7076	-0.812129
18.02	35.7075	-0.812411
18.03	35.7074	-0.812692
18.04	35.7073	-0.812973
18.05	35.7072	-0.813254
18.06	35.7071	-0.813533
18.07	35.707	-0.81381
18.08	35.7069	-0.814087
18.09	35.7068	-0.814361
18.1	35.7067	-0.814633
18.11	35.7066	-0.814902
18.12	35.7065	-0.815169
18.13	35.7064	-0.815432
18.14	35.7064	-0.815692
18.15	35.7063	-0.815949
18.16	35.7062	-0.816202
18.17	35.7061	-0.816451
18.18	35.706	-0.816695
18.19	35.7059	-0.816935
18.2	35.7058	-0.817171
18.21	35.7057	-0.817401
18.22	35.7057	-0.817626
18.23	35.7056	-0.817846
18.24	35.7055	-0.818061
18.25	35.7054	-0.81827
18.26	35.7054	-0.818473
18.27	35.7053	-0.818671
18.28	35.7052	-0.818862
18.29	35.7051	-0.819047
18.3	35.7051	-0.819226
18.31	35.705	-0.819399
18.32	35.705	-0.819565
18.33	35.7049	-0.819725
18.34	35.7048	-0.819878
18.35	35.7048	-0.820024
18.36	35.7047	-0.820164
18.37	35.7047	-0.820297
18.38	35.7046	-0.820424
18.39	35.7046	-0.820543
18.4	35.7046	-0.820656
18.41	35.7045	-0.820763
18.42	35.7045	-0.820862
18.43	35.7045	-0.820955
18.44	35.7044	-0.821041
18.45	35.7044	-0.82112
18.46	35.7044	-0.821192
18.47	35.7043	-0.821258
18.48	35.7043	-0.821318
18.49	35.7043	-0.821371
18.5	35.7043	-0.821417
18.51	35.7043	-0.821457
18.52	35.7043	-0.82149
18.53	35.7043	-0.821518
18.54	35.7042	-0.821539
18.55	35.7042	-0.821554
18.56	35.7042	-0.821563
18.57	35.7042	-0.821566
18.58	35.7042	-0.821563
18.59	35.7042	-0.821554
18.6	35.7042	-0.82154
18.61	35.7043	-0.82152
18.62	35.7043	-0.821494
18.63	35.7043	-0.821463
18.64	35.7043	-0.821427
18.65	35.7043	-0.821385
18.66	35.7043	-0.821339
18.67	35.7043	-0.821287
18.68	35.7044	-0.82123
18.69	35.7044	-0.821168
18.7	35.7044	-0.821102
18.71	35.7044	-0.821031
18.72	35.7045	-0.820955
18.73	35.7045	-0.820875
18.74	35.7045	-0.82079
18.75	35.7045	-0.820701
18.76	35.7046	-0.820608
18.77	35.7046	-0.820511
18.78	35.7047	-0.82041
18.79	35.7047	-0.820304
18.8	35.7047	-0.820195
18.81	35.7048	-0.820082
18.82	35.7048	-0.819965
18.83	35.7049	-0.819845
18.84	35.7049	-0.819721
18.85	35.7049	-0.819594
18.86	35.705	-0.819463
18.87	35.705	-0.819328
18.88	35.7051	-0.819191
18.89	35.7051	-0.81905
18.9	35.7052	-0.818906
18.91	35.7052	-0.818759
18.92	35.7053	-0.818609
18.93	35.7054	-0.818456
18.94	35.7054	-0.818301
18.95	35.7055	-0.818142
18.96	35.7055	-0.81798
18.97	35.7056	-0.817816
18.98	35.7056	-0.817649
18.99	35.7057	-0.81748
19	35.7058	-0.817308
19.01	35.7058	-0.817133
19.02	35.7059	-0.816956
19.03	35.706	-0.816777
19.04	35.706	-0.816595
19.05	35.7061	-0.816412
19.06	35.7062	-0.816225
19.07	35.7062	-0.816037
19.08	35.7063	-0.815847
19.09	35.7064	-0.815655
19.1	35.7064	-0.81546
19.11	35.7065	-0.815264
19.12	35.7066	-0.815066
19.13	35.7066	-0.814867
19.14	35.7067	-0.814666
19.15	35.7068	-0.814463
19.16	35.7069	-0.814259
19.17	35.7069	-0.814054
19.18	35.707	-0.813848
19.19	35.7071	-0.81364
19.2	35.7072	-0.813432
19.21	35.7072	-0.813223
19.22	35.7073	-0.813013
19.23	35.7074	-0.812803
19.24	35.7075	-0.812592
19.25	35.7075	-0.812381
19.26	35.7076	-0.812171
19.27	35.7077	-0.81196
19.28	35.7078	-0.81175
19.29	35.7078	-0.81154
19.3	35.7079	-0.81133
19.31	35.708	-0.811122
19.32	35.7081	-0.810915
19.33	35.7081	-0.810709
19.34	35.7082	-0.810504
19.35	35.7083	-0.810302
19.36	35.7084	-0.810101
19.37	35.7084	-0.809902
19.38	35.7085	-0.809706
19.39	35.7086	-0.809512
19.4	35.7086	-0.809321
19.41	35.7087	-0.809133
19.42	35.7088	-0.808949
19.43	35.7088	-0.808768
19.44	35.7089	-0.80859
19.45	35.709	-0.808417
19.46	35.709	-0.808248
19.47	35.7091	-0.808083
19.48	35.7091	-0.807923
19.49	35.7092	-0.807768
19.5	35.7093	-0.807618
19.51	35.7093	-0.807473
19.52	35.7094	-0.807334
19.53	35.7094	-0.8072
19.54	35.7095	-0.807072
19.55	35.7095	-0.806951
19.56	35.7095	-0.806835
19.57	35.7096	-0.806726
19.58	35.7096	-0.806624
19.59	35.7097	-0.806528
19.6	35.7097	-0.806439
19.61	35.7097	-0.806357
19.62	35.7097	-0.806282
19.63	35.7098	-0.806214
19.64	35.7098	-0.806154
19.65	35.7098	-0.806101
19.66	35.7098	-0.806055
19.67	35.7098	-0.806017
19.68	35.7098	-0.805987
19.69	35.7099	-0.805964
19.7	35.7099	-0.805949
19.71	35.7099	-0.805942
19.72	35.7099	-0.805942
19.73	35.7099	-0.80595
19.74	35.7099	-0.805966
19.75	35.7098	-0.805989
19.76	35.7098	-0.80602
19.77	35.7098	-0.806059
19.78	35.7098	-0.806105
19.79	35.7098	-0.806159
19.8	35.7098	-0.80622
19.81	35.7097	-0.806289
19.82	35.7097	-0.806364
19.83	35.7097	-0.806447
19.84	35.7096	-0.806537
19.85	35.7096	-0.806633
19.86	35.7096	-0.806736
19.87	35.7095	-0.806846
19.88	35.7095	-0.806962
19.89	35.7095	-0.807085
19.9	35.7094	-0.807213
19.91	35.7094	-0.807348
19.92	35.7093	-0.807488
19.93	35.7093	-0.807633
19.94	35.7092	-0.807784
19.95	35.7091	-0.80794
19.96	35.7091	-0.808101
19.97	35.709	-0.808267
19.98	35.709	-0.808437
19.99	35.7089	-0.808611
20	35.7088	-0.80879
20.01	35.7088	-0.808972
20.02	35.7087	-0.809157
20.03	35.7086	-0.809346
20.04	35.7086	-0.809538
20.05	35.7085	-0.809733
20.06	35.7084	-0.809931
20.07	35.7084	-0.81013
20.08	35.7083	-0.810332
20.09	35.7082	-0.810536
20.1	35.7081	-0.810741
20.11	35.7081	-0.810947
20.12	35.708	-0.811155
20.13	35.7079	-0.811364
20.14	35.7078	-0.811573
20.15	35.7078	-0.811782
20.16	35.7077	-0.811992
20.17	35.7076	-0.812202
20.18	35.7075	-0.812411
20.19	35.7075	-0.81262
20.2	35.7074	-0.812828
20.21	35.7073	-0.813036
20.22	35.7072	-0.813242
20.23	35.7072	-0.813447
20.24	35.7071	-0.81365
20.25	35.707	-0.813852
20.26	35.7069	-0.814051
20.27	35.7069	-0.814249
20.28	35.7068	-0.814444
20.29	35.7067	-0.814638
20.3	35.7067	-0.814828
20.31	35.7066	-0.815016
20.32	35.7065	-0.815201
20.33	35.7065	-0.815384
20.34	35.7064	-0.815563
20.35	35.7063	-0.815739
20.36	35.7063	-0.815912
20.37	35.7062	-0.816081
20.38	35.7062	-0.816247
20.39	35.7061	-0.816409
20.4	35.706	-0.816568
20.41	35.706	-0.816723
20.42	35.7059	-0.816874
20.43	35.7059	-0.817021
20.44	35.7058	-0.817164
20.45	35.7058	-0.817304
20.46	35.7057	-0.817439
20.47	35.7057	-0.81757
20.48	35.7056	-0.817697
20.49	35.7056	-0.81782
20.5	35.7055	-0.817939
20.51	35.7055	-0.818054
20.52	35.7055	-0.818164
20.53	35.7054	-0.81827
20.54	35.7054	-0.818372
20.55	35.7054	-0.81847
20.56	35.7053	-0.818564
20.57	35.7053	-0.818653
20.58	35.7053	-0.818738
20.59	35.7052	-0.818818
20.6	35.7052	-0.818895
20.61	35.7052	-0.818967
20.62	35.7051	-0.819035
20.63	35.7051	-0.819099
20.64	35.7051	-0.819158
20.65	35.7051	-0.819213
20.66	35.7051	-0.819265
20.67	35.705	-0.819312
20.68	35.705	-0.819354
20.69	35.705	-0.819393
20.7	35.705	-0.819428
20.71	35.705	-0.819458
20.72	35.705	-0.819484
20.73	35.705	-0.819507
20.74	35.705	-0.819525
20.75	35.705	-0.81954
20.76	35.705	-0.81955
20.77	35.705	-0.819556
20.78	35.705	-0.819559
20.79	35.705	-0.819558
20.8	35.705	-0.819552
20.81	35.705	-0.819543
20.82	35.705	-0.81953
20.83	35.705	-0.819513
20.84	35.705	-0.819493
20.85	35.705	-0.819469
20.86	35.705	-0.819441
20.87	35.705	-0.819409
20.88	35.705	-0.819373
20.89	35.705	-0.819334
20.9	35.7051	-0.819291
20.91	35.7051	-0.819245
20.92	35.7051	-0.819195
20.93	35.7051	-0.819141
20.94	35.7051	-0.819084
20.95	35.7052	-0.819023
20.96	35.7052	-0.818959
20.97	35.7052	-0.818891
20.98	35.7052	-0.81882
20.99	35.7053	-0.818745
21	35.7053	-0.818666
21.01	35.7053	-0.818584
21.02	35.7053	-0.818499
21.03	35.7054	-0.81841
21.04	35.7054	-0.818318
21.05	35.7054	-0.818222
21.06	35.7055	-0.818123
21.07	35.7055	-0.818021
21.08	35.7056	-0.817915
21.09	35.7056	-0.817806
21.1	35.7056	-0.817694
21.11	35.7057	-0.817578
21.12	35.7057	-0.81746
21.13	35.7058	-0.817338
21.14	35.7058	-0.817212
21.15	35.7059	-0.817084
21.16	35.7059	-0.816953
21.17	35.7059	-0.816818
21.18	35.706	-0.816681
21.19	35.706	-0.816541
21.2	35.7061	-0.816398
21.21	35.7061	-0.816252
21.22	35.7062	-0.816104
21.23	35.7063	-0.815952
21.24	35.7063	-0.815799
21.25	35.7064	-0.815643
21.26	35.7064	-0.815484
21.27	35.7065	-0.815324
21.28	35.7065	-0.815161
21.29	35.7066	-0.814996
21.3	35.7067	-0.81483
21.31	35.7067	-0.814662
21.32	35.7068	-0.814492
21.33	35.7068	-0.81432
21.34	35.7069	-0.814148
21.35	35.707	-0.813974
21.36	35.707	-0.813799
21.37	35.7071	-0.813623
21.38	35.7072	-0.813447
21.39	35.7072	-0.81327
21.4	35.7073	-0.813093
21.41	35.7074	-0.812916
21.42	35.7074	-0.812738
21.43	35.7075	-0.812561
21.44	35.7075	-0.812385
21.45	35.7076	-0.812209
21.46	35.7077	-0.812034
21.47	35.7077	-0.811859
21.48	35.7078	-0.811687
21.49	35.7079	-0.811515
21.5	35.7079	-0.811345
21.51	35.708	-0.811177
21.52	35.708	-0.811011
21.53	35.7081	-0.810848
21.54	35.7082	-0.810686
21.55	35.7082	-0.810528
21.56	35.7083	-0.810372
21.57	35.7083	-0.810219
21.58	35.7084	-0.810069
21.59	35.7084	-0.809923
21.6	35.7085	-0.80978
21.61	35.7085	-0.809641
21.62	35.7086	-0.809506
21.63	35.7086	-0.809375
21.64	35.7087	-0.809248
21.65	35.7087	-0.809126
21.66	35.7088	-0.809008
21.67	35.7088	-0.808894
21.68	35.7088	-0.808786
21.69	35.7089	-0.808682
21.7	35.7089	-0.808584
21.71	35.7089	-0.80849
21.72	35.709	-0.808402
21.73	35.709	-0.80832
21.74	35.709	-0.808242
21.75	35.7091	-0.80817
21.76	35.7091	-0.808104
21.77	35.7091	-0.808044
21.78	35.7091	-0.807989
21.79	35.7091	-0.80794
21.8	35.7092	-0.807897
21.81	35.7092	-0.807859
21.82	35.7092	-0.807827
21.83	35.7092	-0.807802
21.84	35.7092	-0.807782
21.85	35.7092	-0.807768
21.86	35.7092	-0.807759
21.87	35.7092	-0.807757
21.88	35.7092	-0.80776
21.89	35.7092	-0.807769
21.9	35.7092	-0.807784
21.91	35.7092	-0.807804
21.92	35.7092	-0.80783
21.93	35.7092	-0.807862
21.94	35.7092	-0.807899
21.95	35.7091	-0.807941
21.96	35.7091	-0.807989
21.97	35.7091	-0.808041
21.98	35.7091	-0.808099
21.99	35.7091	-0.808162
22	35.709	-0.80823
22.01	35.709	-0.808302
22.02	35.709	-0.808379
22.03	35.709	-0.80846
22.04	35.7089	-0.808546
22.05	35.7089	-0.808636
22.06	35.7089	-0.80873
22.07	35.7088	-0.808828
22.08	35.7088	-0.80893
22.09	35.7087	-0.809035
22.1	35.7087	-0.809144
22.11	35.7087	-0.809256
22.12	35.7086	-0.809371
22.13	35.7086	-0.80949
22.14	35.7085	-0.809611
22.15	35.7085	-0.809735
22.16	35.7085	-0.809861
22.17	35.7084	-0.80999
22.18	35.7084	-0.810121
22.19	35.7083	-0.810254
22.2	35.7083	-0.810389
22.21	35.7082	-0.810526
22.22	35.7082	-0.810664
22.23	35.7081	-0.810804
22.24	35.7081	-0.810945
22.25	35.708	-0.811087
22.26	35.708	-0.81123
22.27	35.7079	-0.811374
22.28	35.7079	-0.811519
22.29	35.7078	-0.811664
22.3	35.7077	-0.81181
22.31	35.7077	-0.811956
22.32	35.7076	-0.812102
22.33	35.7076	-0.812249
22.34	35.7075	-0.812395
22.35	35.7075	-0.812541
22.36	35.7074	-0.812687
22.37	35.7074	-0.812833
22.38	35.7073	-0.812978
22.39	35.7073	-0.813122
22.4	35.7072	-0.813266
22.41	35.7072	-0.813409
22.42	35.7071	-0.813551
22.43	35.7071	-0.813692
22.44	35.707	-0.813832
22.45	35.707	-0.813971
22.46	35.7069	-0.814109
22.47	35.7069	-0.814245
22.48	35.7068	-0.81438
22.49	35.7068	-0.814514
22.5	35.7067	-0.814646
22.51	35.7067	-0.814777
22.52	35.7066	-0.814905
22.53	35.7066	-0.815033
22.54	35.7065	-0.815158
22.55	35.7065	-0.815282
22.56	35.7065	-0.815404
22.57	35.7064	-0.815523
22.58	35.7064	-0.815641
22.59	35.7063	-0.815757
22.6	35.7063	-0.815871
22.61	35.7062	-0.815982
22.62	35.7062	-0.816092
22.63	35.7062	-0.816199
22.64	35.7061	-0.816304
22.65	35.7061	-0.816406
22.66	35.7061	-0.816507
22.67	35.706	-0.816604
22.68	35.706	-0.8167
22.69	35.706	-0.816793
22.7	35.7059	-0.816883
22.71	35.7059	-0.816971
22.72	35.7059	-0.817056
22.73	35.7058	-0.817138
22.74	35.7058	-0.817218
22.75	35.7058	-0.817295
22.76	35.7057	-0.817369
22.77	35.7057	-0.817441
22.78	35.7057	-0.81751
22.79	35.7057	-0.817576
22.8	35.7057	-0.817639
22.81	35.7056	-0.817699
22.82	35.7056	-0.817756
22.83	35.7056	-0.81781
22.84	35.7056	-0.817861
22.85	35.7056	-0.817909
22.86	35.7055	-0.817954
22.87	35.7055	-0.817996
22.88	35.7055	-0.818034
22.89	35.7055	-0.81807
22.9	35.7055	-0.818102
22.91	35.7055	-0.818131
22.92	35.7055	-0.818157
22.93	35.7055	-0.81818
22.94	35.7054	-0.818199
22.95	35.7054	-0.818215
22.96	35.7054	-0.818228
22.97	35.7054	-0.818238
22.98	35.7054	-0.818243
22.99	35.7054	-0.818246
23	35.7054	-0.818245
23.01	35.7054	-0.818241
23.02	35.7054	-0.818233
23.03	35.7054	-0.818222
23.04	35.7054	-0.818207
23.05	35.7055	-0.818189
23.06	35.7055	-0.818168
23.07	35.7055	-0.818142
23.08	35.7055	-0.818114
23.09	35.7055	-0.818081
23.1	35.7055	-0.818045
23.11	35.7055	-0.818006
23.12	35.7055	-0.817963
23.13	35.7056	-0.817917
23.14	35.7056	-0.817867
23.15	35.7056	-0.817813
23.16	35.7056	-0.817756
23.17	35.7056	-0.817695
23.18	35.7057	-0.817631
23.19	35.7057	-0.817563
23.2	35.7057	-0.817492
23.21	35.7057	-0.817418
23.22	35.7058	-0.81734
23.23	35.7058	-0.817259
23.24	35.7058	-0.817174
23.25	35.7058	-0.817086
23.26	35.7059	-0.816995
23.27	35.7059	-0.816901
23.28	35.706	-0.816804
23.29	35.706	-0.816704
23.3	35.706	-0.8166
23.31	35.7061	-0.816494
23.32	35.7061	-0.816385
23.33	35.7061	-0.816273
23.34	35.7062	-0.816159
23.35	35.7062	-0.816042
23.36	35.7063	-0.815923
23.37	35.7063	-0.815801
23.38	35.7064	-0.815677
23.39	35.7064	-0.815551
23.4	35.7064	-0.815423
23.41	35.7065	-0.815293
23.42	35.7065	-0.815162
23.43	35.7066	-0.815028
23.44	35.7066	-0.814894
23.45	35.7067	-0.814758
23.46	35.7067	-0.81462
23.47	35.7068	-0.814482
23.48	35.7068	-0.814343
23.49	35.7069	-0.814203
23.5	35.7069	-0.814062
23.51	35.707	-0.813921
23.52	35.707	-0.81378
23.53	35.7071	-0.813639
23.54	35.7071	-0.813497
23.55	35.7072	-0.813356
23.56	35.7072	-0.813215
23.57	35.7073	-0.813075
23.58	35.7073	-0.812935
23.59	35.7074	-0.812797
23.6	35.7074	-0.812659
23.61	35.7075	-0.812522
23.62	35.7075	-0.812386
23.63	35.7076	-0.812252
23.64	35.7076	-0.81212
23.65	35.7077	-0.811989
23.66	35.7077	-0.81186
23.67	35.7078	-0.811734
23.68	35.7078	-0.811609
23.69	35.7079	-0.811487
23.7	35.7079	-0.811367
23.71	35.708	-0.811249
23.72	35.708	-0.811134
23.73	35.708	-0.811022
23.74	35.7081	-0.810913
23.75	35.7081	-0.810807
23.76	35.7081	-0.810704
23.77	35.7082	-0.810604
23.78	35.7082	-0.810508
23.79	35.7083	-0.810415
23.8	35.7083	-0.810325
23.81	35.7083	-0.810239
23.82	35.7083	-0.810156
23.83	35.7084	-0.810077
23.84	35.7084	-0.810002
23.85	35.7084	-0.809931
23.86	35.7084	-0.809863
23.87	35.7085	-0.8098
23.88	35.7085	-0.80974
23.89	35.7085	-0.809684
23.9	35.7085	-0.809633
23.91	35.7086	-0.809585
23.92	35.7086	-0.809541
23.93	35.7086	-0.809501
23.94	35.7086	-0.809466
23.95	35.7086	-0.809434
23.96	35.7086	-0.809406
23.97	35.7086	-0.809382
23.98	35.7086	-0.809363
23.99	35.7086	-0.809347
24	35.7086	-0.809335
24.01	35.7086	-0.809327
24.02	35.7086	-0.809323
24.03	35.7086	-0.809323
24.04	35.7086	-0.809326
24.05	35.7086	-0.809333
24.06	35.7086	-0.809344
24.07	35.7086	-0.809358
24.08	35.7086	-0.809376
24.09	35.7086	-0.809398
24.1	35.7086	-0.809423
24.11	35.7086	-0.809451
24.12	35.7086	-0.809483
24.13	35.7086	-0.809518
24.14	35.7086	-0.809556
24.15	35.7085	-0.809597
24.16	35.7085	-0.809641
24.17	35.7085	-0.809688
24.18	35.7085	-0.809737
24.19	35.7085	-0.80979
24.2	35.7085	-0.809845
24.21	35.7084	-0.809903
24.22	35.7084	-0.809963
24.23	35.7084	-0.810026
24.24	35.7084	-0.810091
24.25	35.7083	-0.810159
24.26	35.7083	-0.810228
24.27	35.7083	-0.8103
24.28	35.7083	-0.810374
24.29	35.7082	-0.81045
24.3	35.7082	-0.810527
24.31	35.7082	-0.810607
24.32	35.7082	-0.810688
24.33	35.7081	-0.810771
24.34	35.7081	-0.810856
24.35	35.7081	-0.810942
24.36	35.708	-0.811029
24.37	35.708	-0.811118
24.38	35.708	-0.811208
24.39	35.7079	-0.8113
24.4	35.7079	-0.811393
24.41	35.7079	-0.811487
24.42	35.7078	-0.811582
24.43	35.7078	-0.811678
24.44	35.7078	-0.811775
24.45	35.7077	-0.811873
24.46	35.7077	-0.811971
24.47	35.7077	-0.812071
24.48	35.7076	-0.812171
24.49	35.7076	-0.812272
24.5	35.7075	-0.812373
24.51	35.7075	-0.812476
24.52	35.7075	-0.812578
24.53	35.7074	-0.812681
24.54	35.7074	-0.812785
24.55	35.7074	-0.812888
24.56	35.7073	-0.812992
24.57	35.7073	-0.813097
24.58	35.7072	-0.813201
24.59	35.7072	-0.813306
24.6	35.7072	-0.81341
24.61	35.7071	-0.813515
24.62	35.7071	-0.813619
24.63	35.7071	-0.813723
24.64	35.707	-0.813828
24.65	35.707	-0.813931
24.66	35.7069	-0.814035
24.67	35.7069	-0.814138
24.68	35.7069	-0.814241
24.69	35.7068	-0.814343
24.7	35.7068	-0.814444
24.71	35.7068	-0.814545
24.72	35.7067	-0.814645
24.73	35.7067	-0.814745
24.74	35.7067	-0.814843
24.75	35.7066	-0.814941
24.76	35.7066	-0.815037
24.77	35.7066	-0.815133
24.78	35.7065	-0.815227
24.79	35.7065	-0.81532
24.8	35.7065	-0.815412
24.81	35.7064	-0.815502
24.82	35.7064	-0.815591
24.83	35.7064	-0.815678
24.84	35.7063	-0.815764
24.85	35.7063	-0.815849
24.86	35.7063	-0.815931
24.87	35.7062	-0.816012
24.88	35.7062	-0.816091
24.89	35.7062	-0.816168
24.9	35.7062	-0.816243
24.91	35.7061	-0.816315
24.92	35.7061	-0.816386
24.93	35.7061	-0.816455
24.94	35.7061	-0.816521
24.95	35.706	-0.816585
24.96	35.706	-0.816646
24.97	35.706	-0.816705
24.98	35.706	-0.816762
24.99	35.7059	-0.816816
25	35.7059	-0.816867
25.01	35.7059	-0.816916
25.02	35.7059	-0.816962
25.03	35.7059	-0.817005
25.04	35.7059	-0.817045
25.05	35.7059	-0.817082
25.06	35.7058	-0.817117
25.07	35.7058	-0.817148
25.08	35.7058	-0.817176
25.09	35.7058	-0.817201
25.1	35.7058	-0.817223
25.11	35.7058	-0.817242
25.12	35.7058	-0.817258
25.13	35.7058	-0.817271
25.14	35.7058	-0.81728
25.15	35.7058	-0.817286
25.16	35.7058	-0.817288
25.17	35.7058	-0.817288
25.18	35.7058	-0.817284
25.19	35.7058	-0.817276
25.2	35.7058	-0.817266
25.21	35.7058	-0.817251
25.22	35.7058	-0.817234
25.23	35.7058	-0.817213
25.24	35.7058	-0.817189
25.25	35.7058	-0.817161
25.26	35.7058	-0.817131
25.27	35.7058	-0.817096
25.28	35.7059	-0.817059
25.29	35.7059	-0.817018
25.3	35.7059	-0.816974
25.31	35.7059	-0.816927
25.32	35.7059	-0.816877
25.33	35.7059	-0.816824
25.34	35.706	-0.816767
25.35	35.706	-0.816708
25.36	35.706	-0.816645
25.37	35.706	-0.81658
25.38	35.7061	-0.816512
25.39	35.7061	-0.816441
25.4	35.7061	-0.816368
25.41	35.7061	-0.816292
25.42	35.7062	-0.816213
25.43	35.7062	-0.816132
25.44	35.7062	-0.816049
25.45	35.7063	-0.815963
25.46	35.7063	-0.815876
25.47	35.7063	-0.815786
25.48	35.7064	-0.815695
25.49	35.7064	-0.815601
25.5	35.7064	-0.815506
25.51	35.7065	-0.815409
25.52	35.7065	-0.815311
25.53	35.7065	-0.815211
25.54	35.7066	-0.815111
25.55	35.7066	-0.815009
25.56	35.7066	-0.814906
25.57	35.7067	-0.814802
25.58	35.7067	-0.814697
25.59	35.7067	-0.814592
25.6	35.7068	-0.814486
25.61	35.7068	-0.81438
25.62	35.7069	-0.814273
25.63	35.7069	-0.814166
25.64	35.7069	-0.814059
25.65	35.707	-0.813953
25.66	35.707	-0.813846
25.67	35.7071	-0.81374
25.68	35.7071	-0.813634
25.69	35.7071	-0.813529
25.7	35.7072	-0.813424
25.71	35.7072	-0.81332
25.72	35.7072	-0.813217
25.73	35.7073	-0.813115
25.74	35.7073	-0.813013
25.75	35.7074	-0.812913
25.76	35.7074	-0.812815
25.77	35.7074	-0.812717
25.78	35.7075	-0.812621
25.79	35.7075	-0.812527
25.8	35.7075	-0.812434
25.81	35.7076	-0.812343
25.82	35.7076	-0.812253
25.83	35.7076	-0.812166
25.84	35.7077	-0.81208
25.85	35.7077	-0.811996
25.86	35.7077	-0.811915
25.87	35.7077	-0.811835
25.88	35.7078	-0.811757
25.89	35.7078	-0.811682
25.9	35.7078	-0.811609
25.91	35.7078	-0.811538
25.92	35.7079	-0.811469
25.93	35.7079	-0.811403
25.94	35.7079	-0.811339
25.95	35.7079	-0.811278
25.96	35.708	-0.811219
25.97	35.708	-0.811162
25.98	35.708	-0.811108
25.99	35.708	-0.811056
26	35.708	-0.811007
26.01	35.7081	-0.81096
26.02	35.7081	-0.810916
26.03	35.7081	-0.810874
26.04	35.7081	-0.810835
26.05	35.7081	-0.810798
26.06	35.7081	-0.810764
26.07	35.7081	-0.810732
26.08	35.7081	-0.810703
26.09	35.7082	-0.810676
26.1	35.7082	-0.810651
26.11	35.7082	-0.810629
26.12	35.7082	-0.810609
26.13	35.7082	-0.810592
26.14	35.7082	-0.810577
26.15	35.7082	-0.810564
26.16	35.7082	-0.810553
26.17	35.7082	-0.810545
26.18	35.7082	-0.810539
26.19	35.7082	-0.810536
26.2	35.7082	-0.810534
26.21	35.7082	-0.810534
