t	V	DV/V0 in %
0.01	35.9912	-0.0245001
0.02	35.9736	-0.0734462
0.03	35.9474	-0.146082
0.04	35.9129	-0.241867
0.05	35.8702	-0.360558
0.06	35.8193	-0.501997
0.07	35.7603	-0.665898
0.08	35.6934	-0.851755
0.09	35.6188	-1.05885
0.1	35.5369	-1.28629
0.11	35.4481	-1.53311
0.12	35.3526	-1.79832
0.13	35.2509	-2.08093
0.14	35.1432	-2.37999
0.15	35.03	-2.69457
0.16	34.9114	-3.02376
0.17	34.788	-3.36654
0.18	34.6601	-3.72186
0.19	34.5281	-4.08849
0.2	34.3926	-4.46508
0.21	34.254	-4.85014
0.22	34.1129	-5.24205
0.23	33.9699	-5.6391
0.24	33.8258	-6.03953
0.25	33.681	-6.44155
0.26	33.5364	-6.84338
0.27	33.3924	-7.24329
0.28	33.2497	-7.63959
0.29	33.109	-8.03063
0.3	32.9706	-8.41487
0.31	32.8353	-8.79081
0.32	32.7035	-9.15705
0.33	32.5756	-9.5123
0.34	32.4521	-9.85535
0.35	32.3334	-10.1851
0.36	32.2198	-10.5007
0.37	32.1116	-10.8012
0.38	32.0091	-11.0859
0.39	31.9124	-11.3543
0.4	31.8219	-11.6059
0.41	31.7375	-11.8403
0.42	31.6594	-12.0573
0.43	31.5876	-12.2566
0.44	31.5222	-12.4383
0.45	31.4631	-12.6024
0.46	31.4104	-12.749
0.47	31.3638	-12.8782
0.48	31.3235	-12.9904
0.49	31.2891	-13.0859
0.5	31.2606	-13.1651
0.51	31.2377	-13.2285
0.52	31.2205	-13.2764
0.53	31.2086	-13.3093
0.54	31.202	-13.3277
0.55	31.2005	-13.3321
0.56	31.2038	-13.3227
0.57	31.212	-13.3001
0.58	31.2248	-13.2645
0.59	31.2421	-13.2163
0.6	31.2639	-13.1559
0.61	31.29	-13.0834
0.62	31.3202	-12.9994
0.63	31.3546	-12.9039
0.64	31.3929	-12.7974
0.65	31.4352	-12.6801
0.66	31.4812	-12.5523
0.67	31.5308	-12.4143
0.68	31.584	-12.2665
0.69	31.6407	-12.1093
0.7	31.7006	-11.9429
0.71	31.7636	-11.7677
0.72	31.8297	-11.5842
0.73	31.8986	-11.3927
0.74	31.9703	-11.1937
0.75	32.0445	-10.9876
0.76	32.1211	-10.7748
0.77	32.1999	-10.5559
0.78	32.2807	-10.3313
0.79	32.3634	-10.1017
0.8	32.4477	-9.86762
0.81	32.5333	-9.62967
0.82	32.6201	-9.38853
0.83	32.7078	-9.14487
0.84	32.7962	-8.89942
0.85	32.885	-8.6529
0.86	32.9738	-8.40606
0.87	33.0625	-8.15967
0.88	33.1508	-7.9145
0.89	33.2383	-7.67129
0.9	33.3249	-7.43081
0.91	33.4102	-7.1938
0.92	33.494	-6.96099
0.93	33.5761	-6.73309
0.94	33.6561	-6.51079
0.95	33.7339	-6.29477
0.96	33.8092	-6.08568
0.97	33.8817	-5.88414
0.98	33.9513	-5.69078
0.99	34.0178	-5.50616
1	34.0809	-5.33085
1.01	34.1405	-5.16537
1.02	34.1963	-5.01023
1.03	34.2483	-4.86589
1.04	34.2962	-4.73278
1.05	34.3399	-4.61129
1.06	34.3794	-4.50176
1.07	34.4144	-4.4045
1.08	34.4449	-4.31977
1.09	34.4708	-4.24776
1.1	34.4921	-4.18863
1.11	34.5087	-4.14249
1.12	34.5206	-4.10938
1.13	34.5278	-4.08931
1.14	34.5304	-4.08222
1.15	34.5283	-4.08801
1.16	34.5216	-4.10655
1.17	34.5105	-4.13763
1.18	34.4948	-4.18101
1.19	34.4749	-4.23642
1.2	34.4507	-4.30353
1.21	34.4225	-4.38198
1.22	34.3903	-4.47137
1.23	34.3543	-4.57127
1.24	34.3148	-4.6812
1.25	34.2718	-4.80066
1.26	34.2255	-4.92913
1.27	34.1762	-5.06605
1.28	34.1241	-5.21084
1.29	34.0694	-5.36291
1.3	34.0122	-5.52163
1.31	33.9529	-5.68638
1.32	33.8917	-5.85652
1.33	33.8287	-6.0314
1.34	33.7643	-6.21038
1.35	33.6986	-6.3928
1.36	33.6319	-6.57801
1.37	33.5645	-6.76538
1.38	33.4965	-6.95425
1.39	33.4282	-7.14401
1.4	33.3598	-7.33403
1.41	33.2915	-7.52371
1.42	33.2235	-7.71244
1.43	33.1561	-7.89967
1.44	33.0895	-8.08481
1.45	33.0238	-8.26733
1.46	32.9592	-8.44671
1.47	32.8959	-8.62243
1.48	32.8342	-8.79401
1.49	32.774	-8.961
1.5	32.7157	-9.12295
1.51	32.6594	-9.27944
1.52	32.6052	-9.43009
1.53	32.5532	-9.57452
1.54	32.5035	-9.7124
1.55	32.4564	-9.84341
1.56	32.4118	-9.96725
1.57	32.3699	-10.0837
1.58	32.3307	-10.1924
1.59	32.2944	-10.2932
1.6	32.261	-10.386
1.61	32.2306	-10.4706
1.62	32.2032	-10.5467
1.63	32.1788	-10.6144
1.64	32.1575	-10.6735
1.65	32.1394	-10.724
1.66	32.1243	-10.7658
1.67	32.1124	-10.7989
1.68	32.1036	-10.8233
1.69	32.0979	-10.8391
1.7	32.0953	-10.8463
1.71	32.0958	-10.845
1.72	32.0993	-10.8353
1.73	32.1058	-10.8173
1.74	32.1152	-10.7912
1.75	32.1274	-10.7572
1.76	32.1425	-10.7154
1.77	32.1602	-10.666
1.78	32.1807	-10.6093
1.79	32.2036	-10.5455
1.8	32.229	-10.4749
1.81	32.2568	-10.3977
1.82	32.2868	-10.3143
1.83	32.319	-10.225
1.84	32.3532	-10.13
1.85	32.3893	-10.0298
1.86	32.4271	-9.92469
1.87	32.4666	-9.81502
1.88	32.5076	-9.70119
1.89	32.5499	-9.58357
1.9	32.5935	-9.46255
1.91	32.6381	-9.33855
1.92	32.6837	-9.21197
1.93	32.73	-9.08321
1.94	32.777	-8.95268
1.95	32.8245	-8.82081
1.96	32.8723	-8.68801
1.97	32.9203	-8.55469
1.98	32.9683	-8.42126
1.99	33.0163	-8.28814
2	33.0639	-8.15572
2.01	33.1112	-8.0244
2.02	33.158	-7.89458
2.03	33.204	-7.76662
2.04	33.2493	-7.64092
2.05	33.2936	-7.51782
2.06	33.3368	-7.39767
2.07	33.3789	-7.28082
2.08	33.4197	-7.16758
2.09	33.459	-7.05825
2.1	33.4969	-6.95314
2.11	33.5331	-6.85252
2.12	33.5676	-6.75665
2.13	33.6003	-6.66576
2.14	33.6312	-6.58007
2.15	33.6601	-6.4998
2.16	33.687	-6.42513
2.17	33.7118	-6.35622
2.18	33.7344	-6.29322
2.19	33.755	-6.23625
2.2	33.7733	-6.18542
2.21	33.7893	-6.14081
2.22	33.8031	-6.10249
2.23	33.8146	-6.07051
2.24	33.8238	-6.04489
2.25	33.8308	-6.02563
2.26	33.8354	-6.01272
2.27	33.8378	-6.00614
2.28	33.8379	-6.00582
2.29	33.8358	-6.0117
2.3	33.8315	-6.02369
2.31	33.825	-6.04168
2.32	33.8164	-6.06556
2.33	33.8057	-6.09518
2.34	33.7931	-6.13038
2.35	33.7784	-6.17101
2.36	33.7619	-6.21686
2.37	33.7436	-6.26776
2.38	33.7236	-6.32347
2.39	33.7018	-6.38379
2.4	33.6786	-6.44847
2.41	33.6538	-6.51727
2.42	33.6276	-6.58994
2.43	33.6002	-6.66619
2.44	33.5715	-6.74577
2.45	33.5418	-6.82839
2.46	33.511	-6.91377
2.47	33.4794	-7.0016
2.48	33.447	-7.09159
2.49	33.414	-7.18344
2.5	33.3803	-7.27685
2.51	33.3463	-7.37151
2.52	33.3118	-7.4671
2.53	33.2772	-7.56334
2.54	33.2424	-7.6599
2.55	33.2077	-7.75649
2.56	33.173	-7.85281
2.57	33.1385	-7.94857
2.58	33.1044	-8.04347
2.59	33.0706	-8.13723
2.6	33.0374	-8.22957
2.61	33.0047	-8.32022
2.62	32.9728	-8.40892
2.63	32.9416	-8.49542
2.64	32.9114	-8.57948
2.65	32.8821	-8.66086
2.66	32.8538	-8.73934
2.67	32.8267	-8.81471
2.68	32.8008	-8.88677
2.69	32.7761	-8.95534
2.7	32.7527	-9.02024
2.71	32.7307	-9.08132
2.72	32.7102	-9.13844
2.73	32.6911	-9.19145
2.74	32.6735	-9.24024
2.75	32.6575	-9.28472
2.76	32.6431	-9.32479
2.77	32.6303	-9.36038
2.78	32.6191	-9.39144
2.79	32.6096	-9.41791
2.8	32.6017	-9.43978
2.81	32.5955	-9.45703
2.82	32.5909	-9.46965
2.83	32.588	-9.47767
2.84	32.5868	-9.48112
2.85	32.5872	-9.48003
2.86	32.5892	-9.47446
2.87	32.5928	-9.46449
2.88	32.5979	-9.4502
2.89	32.6046	-9.43167
2.9	32.6127	-9.40903
2.91	32.6223	-9.38238
2.92	32.6333	-9.35187
2.93	32.6457	-9.31761
2.94	32.6593	-9.27978
2.95	32.6741	-9.23852
2.96	32.6902	-9.19401
2.97	32.7073	-9.14642
2.98	32.7255	-9.09594
2.99	32.7446	-9.04275
3	32.7647	-8.98706
3.01	32.7855	-8.92906
3.02	32.8072	-8.86896
3.03	32.8295	-8.80698
3.04	32.8524	-8.74332
3.05	32.8758	-8.6782
3.06	32.8997	-8.61185
3.07	32.924	-8.54448
3.08	32.9485	-8.47631
3.09	32.9733	-8.40756
3.1	32.9982	-8.33845
3.11	33.0231	-8.2692
3.12	33.048	-8.20002
3.13	33.0728	-8.13113
3.14	33.0974	-8.06273
3.15	33.1218	-7.99503
3.16	33.1458	-7.92822
3.17	33.1695	-7.86251
3.18	33.1927	-7.79807
3.19	33.2154	-7.7351
3.2	33.2374	-7.67376
3.21	33.2589	-7.61422
3.22	33.2796	-7.55665
3.23	33.2996	-7.50119
3.24	33.3187	-7.448
3.25	33.337	-7.39719
3.26	33.3544	-7.3489
3.27	33.3708	-7.30325
3.28	33.3863	-7.26034
3.29	33.4007	-7.22026
3.3	33.4141	-7.18311
3.31	33.4264	-7.14895
3.32	33.4376	-7.11787
3.33	33.4476	-7.0899
3.34	33.4566	-7.0651
3.35	33.4643	-7.04351
3.36	33.4709	-7.02514
3.37	33.4764	-7.01002
3.38	33.4807	-6.99815
3.39	33.4838	-6.98953
3.4	33.4857	-6.98413
3.41	33.4865	-6.98195
3.42	33.4861	-6.98294
3.43	33.4847	-6.98707
3.44	33.4821	-6.99428
3.45	33.4784	-7.00451
3.46	33.4736	-7.0177
3.47	33.4678	-7.03377
3.48	33.461	-7.05264
3.49	33.4533	-7.07422
3.5	33.4446	-7.09841
3.51	33.435	-7.1251
3.52	33.4245	-7.15419
3.53	33.4132	-7.18556
3.54	33.4011	-7.21909
3.55	33.3883	-7.25466
3.56	33.3748	-7.29213
3.57	33.3607	-7.33137
3.58	33.346	-7.37223
3.59	33.3307	-7.41459
3.6	33.315	-7.45829
3.61	33.2989	-7.50319
3.62	33.2823	-7.54915
3.63	33.2654	-7.596
3.64	33.2483	-7.6436
3.65	33.231	-7.6918
3.66	33.2134	-7.74045
3.67	33.1958	-7.78939
3.68	33.1781	-7.83848
3.69	33.1605	-7.88757
3.7	33.1429	-7.93651
3.71	33.1253	-7.98515
3.72	33.108	-8.03336
3.73	33.0908	-8.08098
3.74	33.074	-8.12789
3.75	33.0574	-8.17395
3.76	33.0411	-8.21904
3.77	33.0253	-8.26302
3.78	33.0099	-8.30577
3.79	32.995	-8.34719
3.8	32.9806	-8.38716
3.81	32.9668	-8.42557
3.82	32.9536	-8.46233
3.83	32.941	-8.49734
3.84	32.929	-8.53051
3.85	32.9178	-8.56177
3.86	32.9072	-8.59105
3.87	32.8974	-8.61826
3.88	32.8884	-8.64336
3.89	32.8801	-8.66628
3.9	32.8727	-8.68699
3.91	32.866	-8.70545
3.92	32.8602	-8.72161
3.93	32.8552	-8.73546
3.94	32.8511	-8.74698
3.95	32.8478	-8.75616
3.96	32.8453	-8.763
3.97	32.8437	-8.76749
3.98	32.8429	-8.76966
3.99	32.843	-8.76952
4	32.8438	-8.7671
4.01	32.8455	-8.76242
4.02	32.848	-8.75554
4.03	32.8513	-8.74648
4.04	32.8553	-8.73531
4.05	32.86	-8.72209
4.06	32.8655	-8.70686
4.07	32.8717	-8.68972
4.08	32.8785	-8.67072
4.09	32.886	-8.64995
4.1	32.8941	-8.62749
4.11	32.9028	-8.60343
4.12	32.912	-8.57787
4.13	32.9217	-8.55089
4.14	32.9319	-8.5226
4.15	32.9425	-8.49311
4.16	32.9535	-8.46251
4.17	32.9649	-8.43091
4.18	32.9766	-8.39842
4.19	32.9885	-8.36516
4.2	33.0008	-8.33124
4.21	33.0132	-8.29677
4.22	33.0257	-8.26186
4.23	33.0384	-8.22663
4.24	33.0512	-8.19118
4.25	33.064	-8.15565
4.26	33.0768	-8.12012
4.27	33.0895	-8.08472
4.28	33.1022	-8.04956
4.29	33.1147	-8.01474
4.3	33.1271	-7.98036
4.31	33.1392	-7.94653
4.32	33.1512	-7.91335
4.33	33.1629	-7.88091
4.34	33.1743	-7.8493
4.35	33.1853	-7.81862
4.36	33.196	-7.78895
4.37	33.2063	-7.76036
4.38	33.2161	-7.73294
4.39	33.2256	-7.70675
4.4	33.2345	-7.68187
4.41	33.243	-7.65835
4.42	33.251	-7.63625
4.43	33.2584	-7.61563
4.44	33.2653	-7.59652
4.45	33.2716	-7.57898
4.46	33.2773	-7.56303
4.47	33.2825	-7.54871
4.48	33.287	-7.53605
4.49	33.291	-7.52505
4.5	33.2943	-7.51574
4.51	33.2971	-7.50813
4.52	33.2992	-7.50221
4.53	33.3007	-7.49799
4.54	33.3016	-7.49546
4.55	33.3019	-7.49461
4.56	33.3017	-7.49542
4.57	33.3008	-7.49786
4.58	33.2993	-7.50192
4.59	33.2973	-7.50755
4.6	33.2947	-7.51472
4.61	33.2916	-7.5234
4.62	33.2879	-7.53353
4.63	33.2838	-7.54508
4.64	33.2791	-7.55798
4.65	33.274	-7.57218
4.66	33.2685	-7.58762
4.67	33.2625	-7.60424
4.68	33.2561	-7.62198
4.69	33.2493	-7.64076
4.7	33.2422	-7.66052
4.71	33.2348	-7.68118
4.72	33.227	-7.70268
4.73	33.219	-7.72493
4.74	33.2108	-7.74785
4.75	33.2023	-7.77138
4.76	33.1936	-7.79542
4.77	33.1848	-7.81991
4.78	33.1759	-7.84476
4.79	33.1668	-7.86989
4.8	33.1577	-7.89521
4.81	33.1486	-7.92066
4.82	33.1394	-7.94615
4.83	33.1302	-7.9716
4.84	33.1211	-7.99694
4.85	33.1121	-8.02208
4.86	33.1031	-8.04696
4.87	33.0943	-8.07151
4.88	33.0856	-8.09564
4.89	33.0771	-8.11929
4.9	33.0687	-8.1424
4.91	33.0606	-8.1649
4.92	33.0528	-8.18673
4.93	33.0452	-8.20783
4.94	33.0379	-8.22814
4.95	33.0309	-8.24762
4.96	33.0242	-8.2662
4.97	33.0178	-8.28386
4.98	33.0118	-8.30053
4.99	33.0062	-8.31618
5	33.0009	-8.33079
5.01	32.9961	-8.3443
5.02	32.9916	-8.3567
5.03	32.9875	-8.36796
5.04	32.9839	-8.37806
5.05	32.9807	-8.38698
5.06	32.9779	-8.3947
5.07	32.9756	-8.40123
5.08	32.9736	-8.40654
5.09	32.9722	-8.41064
5.1	32.9711	-8.41354
5.11	32.9705	-8.41522
5.12	32.9703	-8.41571
5.13	32.9706	-8.41502
5.14	32.9713	-8.41316
5.15	32.9723	-8.41014
5.16	32.9738	-8.406
5.17	32.9757	-8.40075
5.18	32.978	-8.39444
5.19	32.9807	-8.38708
5.2	32.9837	-8.37871
5.21	32.987	-8.36937
5.22	32.9907	-8.3591
5.23	32.9947	-8.34793
5.24	32.9991	-8.33593
5.25	33.0037	-8.32312
5.26	33.0086	-8.30956
5.27	33.0137	-8.29531
5.28	33.0191	-8.2804
5.29	33.0246	-8.26489
5.3	33.0304	-8.24885
5.31	33.0364	-8.23231
5.32	33.0425	-8.21534
5.33	33.0487	-8.198
5.34	33.0551	-8.18034
5.35	33.0615	-8.16243
5.36	33.0681	-8.1443
5.37	33.0746	-8.12604
5.38	33.0812	-8.10768
5.39	33.0879	-8.0893
5.4	33.0945	-8.07094
5.41	33.101	-8.05266
5.42	33.1076	-8.03451
5.43	33.114	-8.01656
5.44	33.1204	-7.99884
5.45	33.1267	-7.98142
5.46	33.1328	-7.96434
5.47	33.1388	-7.94766
5.48	33.1447	-7.9314
5.49	33.1504	-7.91563
5.5	33.1559	-7.90038
5.51	33.1612	-7.8857
5.52	33.1662	-7.87161
5.53	33.1711	-7.85816
5.54	33.1757	-7.84538
5.55	33.18	-7.8333
5.56	33.1841	-7.82195
5.57	33.1879	-7.81135
5.58	33.1914	-7.80154
5.59	33.1947	-7.79252
5.6	33.1976	-7.78431
5.61	33.2003	-7.77694
5.62	33.2027	-7.77041
5.63	33.2047	-7.76473
5.64	33.2064	-7.75992
5.65	33.2079	-7.75597
5.66	33.209	-7.75288
5.67	33.2098	-7.75066
5.68	33.2103	-7.7493
5.69	33.2104	-7.7488
5.7	33.2103	-7.74914
5.71	33.2099	-7.75032
5.72	33.2092	-7.75232
5.73	33.2082	-7.75512
5.74	33.2069	-7.75871
5.75	33.2053	-7.76307
5.76	33.2035	-7.76817
5.77	33.2014	-7.774
5.78	33.199	-7.78051
5.79	33.1964	-7.78769
5.8	33.1936	-7.79551
5.81	33.1906	-7.80393
5.82	33.1873	-7.81293
5.83	33.1839	-7.82246
5.84	33.1803	-7.83249
5.85	33.1765	-7.84298
5.86	33.1726	-7.85391
5.87	33.1685	-7.86522
5.88	33.1643	-7.87688
5.89	33.16	-7.88886
5.9	33.1556	-7.9011
5.91	33.1511	-7.91357
5.92	33.1466	-7.92623
5.93	33.1419	-7.93904
5.94	33.1373	-7.95196
5.95	33.1326	-7.96494
5.96	33.1279	-7.97794
5.97	33.1233	-7.99094
5.98	33.1186	-8.00387
5.99	33.114	-8.01672
6	33.1094	-8.02943
6.01	33.1049	-8.04197
6.02	33.1005	-8.05431
6.03	33.0961	-8.0664
6.04	33.0918	-8.07822
6.05	33.0877	-8.08973
6.06	33.0837	-8.1009
6.07	33.0798	-8.11169
6.08	33.076	-8.12209
6.09	33.0725	-8.13205
6.1	33.069	-8.14157
6.11	33.0658	-8.1506
6.12	33.0627	-8.15914
6.13	33.0598	-8.16715
6.14	33.0571	-8.17462
6.15	33.0546	-8.18153
6.16	33.0524	-8.18787
6.17	33.0503	-8.19362
6.18	33.0484	-8.19878
6.19	33.0468	-8.20333
6.2	33.0454	-8.20726
6.21	33.0442	-8.21058
6.22	33.0432	-8.21327
6.23	33.0425	-8.21534
6.24	33.042	-8.21678
6.25	33.0417	-8.2176
6.26	33.0416	-8.2178
6.27	33.0417	-8.21739
6.28	33.0421	-8.21638
6.29	33.0427	-8.21477
6.3	33.0435	-8.21258
6.31	33.0445	-8.20982
6.32	33.0457	-8.2065
6.33	33.047	-8.20264
6.34	33.0486	-8.19827
6.35	33.0504	-8.19339
6.36	33.0523	-8.18803
6.37	33.0544	-8.18221
6.38	33.0567	-8.17595
6.39	33.0591	-8.16928
6.4	33.0616	-8.16223
6.41	33.0643	-8.15481
6.42	33.0671	-8.14706
6.43	33.07	-8.139
6.44	33.073	-8.13066
6.45	33.0761	-8.12207
6.46	33.0792	-8.11326
6.47	33.0825	-8.10426
6.48	33.0858	-8.0951
6.49	33.0891	-8.0858
6.5	33.0925	-8.07641
6.51	33.0959	-8.06695
6.52	33.0993	-8.05744
6.53	33.1027	-8.04792
6.54	33.1062	-8.03842
6.55	33.1096	-8.02897
6.56	33.1129	-8.01959
6.57	33.1163	-8.01032
6.58	33.1196	-8.00118
6.59	33.1228	-7.9922
6.6	33.126	-7.9834
6.61	33.1291	-7.97481
6.62	33.1321	-7.96646
6.63	33.135	-7.95836
6.64	33.1378	-7.95054
6.65	33.1405	-7.94302
6.66	33.1431	-7.93582
6.67	33.1456	-7.92895
6.68	33.1479	-7.92245
6.69	33.1501	-7.91631
6.7	33.1522	-7.91056
6.71	33.1541	-7.90521
6.72	33.1559	-7.90027
6.73	33.1575	-7.89575
6.74	33.159	-7.89166
6.75	33.1603	-7.88801
6.76	33.1615	-7.88481
6.77	33.1625	-7.88205
6.78	33.1633	-7.87975
6.79	33.164	-7.8779
6.8	33.1645	-7.87651
6.81	33.1648	-7.87557
6.82	33.165	-7.87509
6.83	33.165	-7.87506
6.84	33.1648	-7.87546
6.85	33.1645	-7.87631
6.86	33.1641	-7.87759
6.87	33.1635	-7.87928
6.88	33.1627	-7.88139
6.89	33.1618	-7.8839
6.9	33.1608	-7.8868
6.91	33.1596	-7.89007
6.92	33.1583	-7.89371
6.93	33.1568	-7.89769
6.94	33.1553	-7.902
6.95	33.1536	-7.90662
6.96	33.1518	-7.91154
6.97	33.15	-7.91673
6.98	33.148	-7.92219
6.99	33.146	-7.92788
7	33.1438	-7.9338
7.01	33.1416	-7.93991
7.02	33.1394	-7.9462
7.03	33.137	-7.95264
7.04	33.1347	-7.95923
7.05	33.1323	-7.96593
7.06	33.1298	-7.97272
7.07	33.1274	-7.97958
7.08	33.1249	-7.9865
7.09	33.1224	-7.99344
7.1	33.1199	-8.00039
7.11	33.1174	-8.00733
7.12	33.1149	-8.01423
7.13	33.1124	-8.02109
7.14	33.11	-8.02786
7.15	33.1076	-8.03455
7.16	33.1052	-8.04112
7.17	33.1029	-8.04757
7.18	33.1006	-8.05386
7.19	33.0984	-8.05999
7.2	33.0963	-8.06594
7.21	33.0942	-8.07169
7.22	33.0922	-8.07724
7.23	33.0903	-8.08255
7.24	33.0885	-8.08763
7.25	33.0867	-8.09245
7.26	33.0851	-8.09702
7.27	33.0835	-8.10131
7.28	33.0821	-8.10532
7.29	33.0807	-8.10904
7.3	33.0795	-8.11246
7.31	33.0784	-8.11558
7.32	33.0774	-8.11839
7.33	33.0765	-8.12088
7.34	33.0757	-8.12305
7.35	33.075	-8.12491
7.36	33.0745	-8.12644
7.37	33.074	-8.12765
7.38	33.0737	-8.12854
7.39	33.0735	-8.1291
7.4	33.0734	-8.12935
7.41	33.0735	-8.12929
7.42	33.0736	-8.12891
7.43	33.0738	-8.12823
7.44	33.0742	-8.12725
7.45	33.0746	-8.12598
7.46	33.0752	-8.12442
7.47	33.0759	-8.12259
7.48	33.0766	-8.12049
7.49	33.0775	-8.11813
7.5	33.0784	-8.11552
7.51	33.0794	-8.11269
7.52	33.0805	-8.10962
7.53	33.0817	-8.10635
7.54	33.083	-8.10287
7.55	33.0843	-8.09922
7.56	33.0857	-8.09539
7.57	33.0871	-8.0914
7.58	33.0886	-8.08727
7.59	33.0901	-8.08301
7.6	33.0917	-8.07863
7.61	33.0933	-8.07416
7.62	33.0949	-8.0696
7.63	33.0966	-8.06497
7.64	33.0983	-8.06029
7.65	33.1	-8.05558
7.66	33.1017	-8.05083
7.67	33.1034	-8.04608
7.68	33.1051	-8.04134
7.69	33.1068	-8.03662
7.7	33.1085	-8.03193
7.71	33.1102	-8.02729
7.72	33.1118	-8.02272
7.73	33.1134	-8.01822
7.74	33.115	-8.01381
7.75	33.1166	-8.00951
7.76	33.1181	-8.00532
7.77	33.1195	-8.00125
7.78	33.121	-7.99733
7.79	33.1223	-7.99355
7.8	33.1236	-7.98992
7.81	33.1249	-7.98647
7.82	33.1261	-7.98319
7.83	33.1272	-7.9801
7.84	33.1282	-7.97719
7.85	33.1292	-7.97449
7.86	33.1301	-7.97199
7.87	33.1309	-7.9697
7.88	33.1317	-7.96762
7.89	33.1323	-7.96576
7.9	33.1329	-7.96412
7.91	33.1334	-7.96271
7.92	33.1339	-7.96152
7.93	33.1342	-7.96056
7.94	33.1345	-7.95983
7.95	33.1346	-7.95932
7.96	33.1347	-7.95904
7.97	33.1348	-7.95898
7.98	33.1347	-7.95914
7.99	33.1346	-7.95953
8	33.1344	-7.96012
8.01	33.1341	-7.96093
8.02	33.1337	-7.96195
8.03	33.1333	-7.96316
8.04	33.1328	-7.96457
8.05	33.1322	-7.96616
8.06	33.1315	-7.96794
8.07	33.1308	-7.96989
8.08	33.1301	-7.972
8.09	33.1293	-7.97427
8.1	33.1284	-7.97669
8.11	33.1275	-7.97925
8.12	33.1265	-7.98193
8.13	33.1255	-7.98474
8.14	33.1244	-7.98765
8.15	33.1234	-7.99066
8.16	33.1222	-7.99377
8.17	33.1211	-7.99695
8.18	33.1199	-8.00019
8.19	33.1187	-8.0035
8.2	33.1175	-8.00684
8.21	33.1163	-8.01023
8.22	33.1151	-8.01363
8.23	33.1139	-8.01705
8.24	33.1126	-8.02048
8.25	33.1114	-8.02389
8.26	33.1102	-8.02728
8.27	33.109	-8.03065
8.28	33.1078	-8.03397
8.29	33.1066	-8.03725
8.3	33.1054	-8.04046
8.31	33.1043	-8.04361
8.32	33.1032	-8.04668
8.33	33.1021	-8.04966
8.34	33.1011	-8.05255
8.35	33.1001	-8.05534
8.36	33.0991	-8.05801
8.37	33.0982	-8.06057
8.38	33.0973	-8.063
8.39	33.0965	-8.0653
8.4	33.0957	-8.06747
8.41	33.095	-8.06949
8.42	33.0943	-8.07137
8.43	33.0937	-8.07309
8.44	33.0931	-8.07466
8.45	33.0926	-8.07608
8.46	33.0922	-8.07733
8.47	33.0918	-8.07841
8.48	33.0914	-8.07933
8.49	33.0912	-8.08009
8.5	33.091	-8.08068
8.51	33.0908	-8.0811
8.52	33.0907	-8.08135
8.53	33.0907	-8.08144
8.54	33.0907	-8.08136
8.55	33.0908	-8.08112
8.56	33.0909	-8.08072
8.57	33.0911	-8.08015
8.58	33.0914	-8.07944
8.59	33.0917	-8.07857
8.6	33.0921	-8.07756
8.61	33.0925	-8.0764
8.62	33.093	-8.0751
8.63	33.0935	-8.07367
8.64	33.094	-8.07211
8.65	33.0946	-8.07044
8.66	33.0953	-8.06864
8.67	33.096	-8.06674
8.68	33.0967	-8.06473
8.69	33.0975	-8.06263
8.7	33.0982	-8.06045
8.71	33.0991	-8.05818
8.72	33.0999	-8.05584
8.73	33.1008	-8.05343
8.74	33.1017	-8.05096
8.75	33.1026	-8.04845
8.76	33.1035	-8.04589
8.77	33.1044	-8.0433
8.78	33.1054	-8.04069
8.79	33.1063	-8.03805
8.8	33.1073	-8.03541
8.81	33.1082	-8.03277
8.82	33.1092	-8.03012
8.83	33.1101	-8.0275
8.84	33.111	-8.02489
8.85	33.112	-8.02231
8.86	33.1129	-8.01977
8.87	33.1138	-8.01727
8.88	33.1147	-8.01482
8.89	33.1155	-8.01243
8.9	33.1164	-8.0101
8.91	33.1172	-8.00783
8.92	33.118	-8.00564
8.93	33.1187	-8.00353
8.94	33.1195	-8.00151
8.95	33.1202	-7.99957
8.96	33.1208	-7.99773
8.97	33.1214	-7.99599
8.98	33.122	-7.99435
8.99	33.1226	-7.99281
9	33.1231	-7.99138
9.01	33.1236	-7.99007
9.02	33.124	-7.98887
9.03	33.1244	-7.98778
9.04	33.1247	-7.98682
9.05	33.1251	-7.98597
9.06	33.1253	-7.98524
9.07	33.1255	-7.98463
9.08	33.1257	-7.98414
9.09	33.1258	-7.98377
9.1	33.1259	-7.98352
9.11	33.126	-7.98339
9.12	33.126	-7.98338
9.13	33.1259	-7.98348
9.14	33.1259	-7.98369
9.15	33.1258	-7.98402
9.16	33.1256	-7.98446
9.17	33.1254	-7.985
9.18	33.1252	-7.98564
9.19	33.1249	-7.98638
9.2	33.1246	-7.98722
9.21	33.1243	-7.98815
9.22	33.1239	-7.98916
9.23	33.1235	-7.99026
9.24	33.1231	-7.99143
9.25	33.1226	-7.99268
9.26	33.1222	-7.994
9.27	33.1217	-7.99538
9.28	33.1211	-7.99682
9.29	33.1206	-7.99831
9.3	33.1201	-7.99985
9.31	33.1195	-8.00143
9.32	33.1189	-8.00305
9.33	33.1183	-8.00469
9.34	33.1177	-8.00636
9.35	33.1171	-8.00806
9.36	33.1165	-8.00976
9.37	33.1159	-8.01148
9.38	33.1153	-8.01319
9.39	33.1146	-8.0149
9.4	33.114	-8.01661
9.41	33.1134	-8.0183
9.42	33.1128	-8.01998
9.43	33.1122	-8.02162
9.44	33.1116	-8.02325
9.45	33.1111	-8.02483
9.46	33.1105	-8.02638
9.47	33.11	-8.02789
9.48	33.1094	-8.02935
9.49	33.1089	-8.03076
9.5	33.1084	-8.03212
9.51	33.108	-8.03342
9.52	33.1075	-8.03466
9.53	33.1071	-8.03583
9.54	33.1067	-8.03693
9.55	33.1063	-8.03797
9.56	33.106	-8.03893
9.57	33.1057	-8.03982
9.58	33.1054	-8.04063
9.59	33.1051	-8.04137
9.6	33.1049	-8.04202
9.61	33.1047	-8.0426
9.62	33.1045	-8.04309
9.63	33.1043	-8.0435
9.64	33.1042	-8.04383
9.65	33.1041	-8.04408
9.66	33.1041	-8.04424
9.67	33.104	-8.04433
9.68	33.104	-8.04433
9.69	33.1041	-8.04426
9.7	33.1041	-8.0441
9.71	33.1042	-8.04387
9.72	33.1043	-8.04357
9.73	33.1045	-8.04319
9.74	33.1046	-8.04274
9.75	33.1048	-8.04222
9.76	33.105	-8.04164
9.77	33.1052	-8.04099
9.78	33.1055	-8.04028
9.79	33.1058	-8.03951
9.8	33.1061	-8.03869
9.81	33.1064	-8.03782
9.82	33.1067	-8.0369
9.83	33.1071	-8.03593
9.84	33.1074	-8.03493
9.85	33.1078	-8.03388
9.86	33.1082	-8.03281
9.87	33.1086	-8.0317
9.88	33.109	-8.03057
9.89	33.1094	-8.02942
9.9	33.1098	-8.02826
9.91	33.1103	-8.02707
9.92	33.1107	-8.02588
9.93	33.1111	-8.02469
9.94	33.1115	-8.02349
9.95	33.112	-8.0223
9.96	33.1124	-8.02111
9.97	33.1128	-8.01993
9.98	33.1132	-8.01877
9.99	33.1137	-8.01763
10	33.1141	-8.0165
10.01	33.1145	-8.0154
10.02	33.1148	-8.01433
10.03	33.1152	-8.0133
10.04	33.1156	-8.01229
10.05	33.1159	-8.01133
10.06	33.1163	-8.0104
10.07	33.1166	-8.00952
10.08	33.1169	-8.00868
10.09	33.1172	-8.00789
10.1	33.1174	-8.00716
10.11	33.1177	-8.00647
10.12	33.1179	-8.00584
10.13	33.1181	-8.00527
10.14	33.1183	-8.00475
10.15	33.1185	-8.00429
10.16	33.1186	-8.00389
10.17	33.1187	-8.00356
10.18	33.1188	-8.00328
10.19	33.1189	-8.00307
10.2	33.119	-8.00292
10.21	33.119	-8.00283
10.22	33.119	-8.0028
10.23	33.119	-8.00284
10.24	33.1189	-8.00294
10.25	33.1189	-8.0031
10.26	33.1188	-8.00332
10.27	33.1187	-8.00359
10.28	33.1186	-8.00393
10.29	33.1184	-8.00433
10.3	33.1183	-8.00478
10.31	33.1181	-8.00528
10.32	33.1179	-8.00584
10.33	33.1177	-8.00645
10.34	33.1174	-8.0071
10.35	33.1172	-8.00781
10.36	33.1169	-8.00855
10.37	33.1166	-8.00934
10.38	33.1163	-8.01017
10.39	33.116	-8.01103
10.4	33.1157	-8.01193
10.41	33.1154	-8.01286
10.42	33.115	-8.01382
10.43	33.1147	-8.0148
10.44	33.1143	-8.01581
10.45	33.1139	-8.01683
10.46	33.1136	-8.01787
10.47	33.1132	-8.01893
10.48	33.1128	-8.02
10.49	33.1124	-8.02107
10.5	33.112	-8.02215
10.51	33.1116	-8.02323
10.52	33.1112	-8.02431
10.53	33.1109	-8.02539
10.54	33.1105	-8.02646
10.55	33.1101	-8.02752
10.56	33.1097	-8.02857
10.57	33.1093	-8.0296
10.58	33.109	-8.03061
10.59	33.1086	-8.0316
10.6	33.1083	-8.03257
10.61	33.1079	-8.03352
10.62	33.1076	-8.03444
10.63	33.1073	-8.03532
10.64	33.107	-8.03618
10.65	33.1067	-8.037
10.66	33.1064	-8.03779
10.67	33.1061	-8.03854
10.68	33.1059	-8.03925
10.69	33.1056	-8.03992
10.7	33.1054	-8.04055
10.71	33.1052	-8.04114
10.72	33.105	-8.04168
10.73	33.1048	-8.04218
10.74	33.1047	-8.04263
10.75	33.1045	-8.04304
10.76	33.1044	-8.0434
10.77	33.1043	-8.04371
10.78	33.1042	-8.04398
10.79	33.1041	-8.0442
10.8	33.104	-8.04437
10.81	33.104	-8.0445
10.82	33.104	-8.04458
10.83	33.1039	-8.04461
10.84	33.1039	-8.0446
10.85	33.104	-8.04454
10.86	33.104	-8.04445
10.87	33.1041	-8.04431
10.88	33.1041	-8.04412
10.89	33.1042	-8.0439
10.9	33.1043	-8.04364
10.91	33.1044	-8.04334
10.92	33.1045	-8.04301
10.93	33.1047	-8.04264
10.94	33.1048	-8.04224
10.95	33.105	-8.0418
10.96	33.1051	-8.04134
10.97	33.1053	-8.04085
10.98	33.1055	-8.04034
10.99	33.1057	-8.0398
11	33.1059	-8.03924
11.01	33.1061	-8.03866
11.02	33.1063	-8.03807
11.03	33.1065	-8.03746
11.04	33.1067	-8.03683
11.05	33.107	-8.0362
11.06	33.1072	-8.03555
11.07	33.1074	-8.0349
11.08	33.1077	-8.03425
11.09	33.1079	-8.03359
11.1	33.1081	-8.03293
11.11	33.1084	-8.03227
11.12	33.1086	-8.03162
11.13	33.1089	-8.03097
11.14	33.1091	-8.03033
11.15	33.1093	-8.0297
11.16	33.1095	-8.02908
11.17	33.1098	-8.02847
11.18	33.11	-8.02788
11.19	33.1102	-8.0273
11.2	33.1104	-8.02674
11.21	33.1106	-8.0262
11.22	33.1108	-8.02568
11.23	33.1109	-8.02518
11.24	33.1111	-8.0247
11.25	33.1113	-8.02425
11.26	33.1114	-8.02382
11.27	33.1116	-8.02342
11.28	33.1117	-8.02305
11.29	33.1118	-8.0227
11.3	33.1119	-8.02238
11.31	33.112	-8.02209
11.32	33.1121	-8.02183
11.33	33.1122	-8.02159
11.34	33.1123	-8.02139
11.35	33.1124	-8.02122
11.36	33.1124	-8.02107
11.37	33.1125	-8.02095
11.38	33.1125	-8.02087
11.39	33.1125	-8.02081
11.4	33.1125	-8.02078
11.41	33.1125	-8.02078
11.42	33.1125	-8.02081
11.43	33.1125	-8.02086
11.44	33.1125	-8.02094
11.45	33.1124	-8.02105
11.46	33.1124	-8.02118
11.47	33.1123	-8.02133
11.48	33.1123	-8.02151
11.49	33.1122	-8.02171
11.5	33.1121	-8.02192
11.51	33.112	-8.02216
11.52	33.1119	-8.02242
11.53	33.1118	-8.02269
11.54	33.1117	-8.02298
11.55	33.1116	-8.02328
11.56	33.1115	-8.0236
11.57	33.1114	-8.02392
11.58	33.1113	-8.02426
11.59	33.1111	-8.0246
11.6	33.111	-8.02496
11.61	33.1109	-8.02531
11.62	33.1108	-8.02567
11.63	33.1106	-8.02604
11.64	33.1105	-8.0264
11.65	33.1104	-8.02677
11.66	33.1102	-8.02713
11.67	33.1101	-8.02749
11.68	33.11	-8.02785
11.69	33.1099	-8.02819
11.7	33.1097	-8.02854
11.71	33.1096	-8.02887
11.72	33.1095	-8.02919
11.73	33.1094	-8.0295
11.74	33.1093	-8.0298
11.75	33.1092	-8.03009
11.76	33.1091	-8.03036
11.77	33.109	-8.03062
11.78	33.1089	-8.03086
11.79	33.1088	-8.03108
11.8	33.1087	-8.03128
11.81	33.1087	-8.03147
11.82	33.1086	-8.03163
11.83	33.1086	-8.03178
11.84	33.1085	-8.0319
11.85	33.1085	-8.032
11.86	33.1085	-8.03208
11.87	33.1084	-8.03214
11.88	33.1084	-8.03217
11.89	33.1084	-8.03219
11.9	33.1084	-8.03218
11.91	33.1084	-8.03214
11.92	33.1084	-8.03209
11.93	33.1085	-8.03201
11.94	33.1085	-8.03191
11.95	33.1086	-8.03178
11.96	33.1086	-8.03163
11.97	33.1087	-8.03147
11.98	33.1087	-8.03127
11.99	33.1088	-8.03106
12	33.1089	-8.03083
12.01	33.109	-8.03058
12.02	33.1091	-8.03031
12.03	33.1092	-8.03002
12.04	33.1093	-8.02971
12.05	33.1094	-8.02938
12.06	33.1095	-8.02904
12.07	33.1097	-8.02869
12.08	33.1098	-8.02832
12.09	33.1099	-8.02793
12.1	33.1101	-8.02753
12.11	33.1102	-8.02712
12.12	33.1104	-8.02671
12.13	33.1105	-8.02628
12.14	33.1107	-8.02584
12.15	33.1109	-8.0254
12.16	33.111	-8.02494
12.17	33.1112	-8.02449
12.18	33.1113	-8.02403
12.19	33.1115	-8.02357
12.2	33.1117	-8.02311
12.21	33.1118	-8.02264
12.22	33.112	-8.02218
12.23	33.1122	-8.02172
12.24	33.1123	-8.02126
12.25	33.1125	-8.02081
12.26	33.1127	-8.02036
12.27	33.1128	-8.01991
12.28	33.113	-8.01948
12.29	33.1131	-8.01905
12.3	33.1133	-8.01863
12.31	33.1134	-8.01822
12.32	33.1136	-8.01783
12.33	33.1137	-8.01744
12.34	33.1139	-8.01707
12.35	33.114	-8.01671
12.36	33.1141	-8.01636
12.37	33.1142	-8.01603
12.38	33.1143	-8.01571
12.39	33.1145	-8.01542
12.4	33.1146	-8.01513
12.41	33.1146	-8.01487
12.42	33.1147	-8.01462
12.43	33.1148	-8.01439
12.44	33.1149	-8.01417
12.45	33.115	-8.01398
12.46	33.115	-8.01381
12.47	33.1151	-8.01365
12.48	33.1151	-8.01351
12.49	33.1152	-8.01339
12.5	33.1152	-8.01329
12.51	33.1152	-8.01321
12.52	33.1153	-8.01315
12.53	33.1153	-8.01311
12.54	33.1153	-8.01308
12.55	33.1153	-8.01308
12.56	33.1153	-8.01309
12.57	33.1153	-8.01312
12.58	33.1153	-8.01317
12.59	33.1152	-8.01323
12.6	33.1152	-8.01332
12.61	33.1152	-8.01341
12.62	33.1151	-8.01353
12.63	33.1151	-8.01365
12.64	33.115	-8.01379
12.65	33.115	-8.01395
12.66	33.1149	-8.01412
12.67	33.1149	-8.0143
12.68	33.1148	-8.01449
12.69	33.1147	-8.0147
12.7	33.1146	-8.01491
12.71	33.1146	-8.01514
12.72	33.1145	-8.01537
12.73	33.1144	-8.01561
12.74	33.1143	-8.01586
12.75	33.1142	-8.01611
12.76	33.1141	-8.01637
12.77	33.114	-8.01663
12.78	33.1139	-8.0169
12.79	33.1138	-8.01717
12.8	33.1137	-8.01745
12.81	33.1136	-8.01772
12.82	33.1135	-8.018
12.83	33.1134	-8.01828
12.84	33.1133	-8.01856
12.85	33.1132	-8.01883
12.86	33.1131	-8.0191
12.87	33.113	-8.01937
12.88	33.1129	-8.01964
12.89	33.1128	-8.01991
12.9	33.1127	-8.02017
12.91	33.1126	-8.02042
12.92	33.1126	-8.02067
12.93	33.1125	-8.02091
12.94	33.1124	-8.02115
12.95	33.1123	-8.02138
12.96	33.1122	-8.0216
12.97	33.1121	-8.02181
12.98	33.1121	-8.02202
12.99	33.112	-8.02221
13	33.1119	-8.0224
13.01	33.1119	-8.02258
13.02	33.1118	-8.02275
13.03	33.1118	-8.02291
13.04	33.1117	-8.02306
13.05	33.1116	-8.0232
13.06	33.1116	-8.02334
13.07	33.1116	-8.02346
13.08	33.1115	-8.02357
13.09	33.1115	-8.02367
13.1	33.1114	-8.02377
13.11	33.1114	-8.02385
13.12	33.1114	-8.02393
13.13	33.1114	-8.02399
13.14	33.1113	-8.02405
13.15	33.1113	-8.0241
13.16	33.1113	-8.02414
13.17	33.1113	-8.02417
13.18	33.1113	-8.02419
13.19	33.1113	-8.02421
13.2	33.1113	-8.02422
13.21	33.1113	-8.02422
13.22	33.1113	-8.02422
13.23	33.1113	-8.02421
13.24	33.1113	-8.02419
13.25	33.1113	-8.02417
13.26	33.1113	-8.02415
13.27	33.1113	-8.02412
13.28	33.1113	-8.02409
13.29	33.1113	-8.02405
13.3	33.1114	-8.02401
13.31	33.1114	-8.02397
13.32	33.1114	-8.02393
13.33	33.1114	-8.02389
13.34	33.1114	-8.02385
13.35	33.1114	-8.0238
13.36	33.1114	-8.02376
13.37	33.1115	-8.02372
13.38	33.1115	-8.02368
13.39	33.1115	-8.02364
13.4	33.1115	-8.02361
13.41	33.1115	-8.02357
13.42	33.1115	-8.02354
13.43	33.1115	-8.02352
13.44	33.1115	-8.02349
13.45	33.1115	-8.02348
13.46	33.1116	-8.02346
13.47	33.1116	-8.02345
13.48	33.1116	-8.02345
13.49	33.1116	-8.02346
13.5	33.1116	-8.02347
13.51	33.1115	-8.02348
13.52	33.1115	-8.0235
13.53	33.1115	-8.02353
13.54	33.1115	-8.02357
13.55	33.1115	-8.02361
13.56	33.1115	-8.02366
13.57	33.1115	-8.02372
13.58	33.1114	-8.02379
13.59	33.1114	-8.02386
13.6	33.1114	-8.02394
13.61	33.1114	-8.02403
13.62	33.1113	-8.02412
13.63	33.1113	-8.02423
13.64	33.1112	-8.02434
13.65	33.1112	-8.02445
13.66	33.1112	-8.02458
13.67	33.1111	-8.02471
13.68	33.1111	-8.02485
13.69	33.111	-8.025
13.7	33.1109	-8.02515
13.71	33.1109	-8.0253
13.72	33.1108	-8.02547
13.73	33.1108	-8.02564
13.74	33.1107	-8.02581
13.75	33.1106	-8.02599
13.76	33.1106	-8.02618
13.77	33.1105	-8.02637
13.78	33.1104	-8.02656
13.79	33.1104	-8.02675
13.8	33.1103	-8.02695
13.81	33.1102	-8.02716
13.82	33.1102	-8.02736
13.83	33.1101	-8.02757
13.84	33.11	-8.02778
13.85	33.1099	-8.02798
13.86	33.1099	-8.02819
13.87	33.1098	-8.02841
13.88	33.1097	-8.02862
13.89	33.1096	-8.02883
13.9	33.1095	-8.02903
13.91	33.1095	-8.02924
13.92	33.1094	-8.02945
13.93	33.1093	-8.02965
13.94	33.1093	-8.02985
13.95	33.1092	-8.03005
13.96	33.1091	-8.03024
13.97	33.109	-8.03043
13.98	33.109	-8.03062
13.99	33.1089	-8.0308
14	33.1089	-8.03097
14.01	33.1088	-8.03114
14.02	33.1087	-8.03131
14.03	33.1087	-8.03147
14.04	33.1086	-8.03162
14.05	33.1086	-8.03176
14.06	33.1085	-8.0319
14.07	33.1085	-8.03203
14.08	33.1084	-8.03216
14.09	33.1084	-8.03228
14.1	33.1083	-8.03238
14.11	33.1083	-8.03249
14.12	33.1083	-8.03258
14.13	33.1082	-8.03266
14.14	33.1082	-8.03274
14.15	33.1082	-8.03281
14.16	33.1082	-8.03287
14.17	33.1082	-8.03292
14.18	33.1081	-8.03296
14.19	33.1081	-8.03299
14.2	33.1081	-8.03301
14.21	33.1081	-8.03303
14.22	33.1081	-8.03304
14.23	33.1081	-8.03303
14.24	33.1081	-8.03302
14.25	33.1081	-8.03301
14.26	33.1081	-8.03298
14.27	33.1081	-8.03294
14.28	33.1082	-8.0329
14.29	33.1082	-8.03285
14.3	33.1082	-8.03279
14.31	33.1082	-8.03272
14.32	33.1082	-8.03265
14.33	33.1083	-8.03257
14.34	33.1083	-8.03248
14.35	33.1083	-8.03238
14.36	33.1084	-8.03228
14.37	33.1084	-8.03217
14.38	33.1085	-8.03206
14.39	33.1085	-8.03194
14.4	33.1085	-8.03182
14.41	33.1086	-8.03169
14.42	33.1086	-8.03156
14.43	33.1087	-8.03142
14.44	33.1087	-8.03128
14.45	33.1088	-8.03113
14.46	33.1088	-8.03098
14.47	33.1089	-8.03083
14.48	33.109	-8.03067
14.49	33.109	-8.03052
14.5	33.1091	-8.03036
14.51	33.1091	-8.03019
14.52	33.1092	-8.03003
14.53	33.1092	-8.02987
14.54	33.1093	-8.0297
14.55	33.1094	-8.02953
14.56	33.1094	-8.02937
14.57	33.1095	-8.0292
14.58	33.1095	-8.02903
14.59	33.1096	-8.02887
14.6	33.1097	-8.0287
14.61	33.1097	-8.02854
14.62	33.1098	-8.02837
14.63	33.1098	-8.02821
14.64	33.1099	-8.02805
14.65	33.11	-8.02789
14.66	33.11	-8.02774
14.67	33.1101	-8.02758
14.68	33.1101	-8.02743
14.69	33.1102	-8.02728
14.7	33.1102	-8.02713
14.71	33.1103	-8.02699
14.72	33.1103	-8.02684
14.73	33.1104	-8.02671
14.74	33.1104	-8.02657
14.75	33.1105	-8.02644
14.76	33.1105	-8.02631
14.77	33.1106	-8.02618
14.78	33.1106	-8.02606
14.79	33.1107	-8.02594
14.8	33.1107	-8.02582
14.81	33.1107	-8.02571
14.82	33.1108	-8.0256
14.83	33.1108	-8.02549
14.84	33.1109	-8.02539
14.85	33.1109	-8.02529
14.86	33.1109	-8.02519
14.87	33.111	-8.02509
14.88	33.111	-8.025
14.89	33.111	-8.02491
14.9	33.1111	-8.02483
14.91	33.1111	-8.02474
14.92	33.1111	-8.02466
14.93	33.1112	-8.02458
14.94	33.1112	-8.02451
14.95	33.1112	-8.02443
14.96	33.1112	-8.02436
14.97	33.1113	-8.02429
14.98	33.1113	-8.02422
14.99	33.1113	-8.02416
15	33.1113	-8.02409
15.01	33.1114	-8.02403
15.02	33.1114	-8.02396
15.03	33.1114	-8.0239
15.04	33.1114	-8.02384
15.05	33.1114	-8.02378
15.06	33.1115	-8.02372
15.07	33.1115	-8.02366
15.08	33.1115	-8.0236
15.09	33.1115	-8.02354
15.1	33.1115	-8.02349
15.11	33.1116	-8.02343
15.12	33.1116	-8.02337
15.13	33.1116	-8.02331
15.14	33.1116	-8.02325
15.15	33.1117	-8.02319
15.16	33.1117	-8.02313
15.17	33.1117	-8.02306
15.18	33.1117	-8.023
15.19	33.1117	-8.02294
15.2	33.1118	-8.02287
15.21	33.1118	-8.0228
15.22	33.1118	-8.02274
15.23	33.1118	-8.02267
15.24	33.1119	-8.0226
15.25	33.1119	-8.02252
15.26	33.1119	-8.02245
15.27	33.1119	-8.02238
15.28	33.112	-8.0223
15.29	33.112	-8.02222
15.3	33.112	-8.02214
15.31	33.1121	-8.02206
15.32	33.1121	-8.02198
15.33	33.1121	-8.0219
15.34	33.1121	-8.02181
15.35	33.1122	-8.02173
15.36	33.1122	-8.02164
15.37	33.1122	-8.02155
15.38	33.1123	-8.02146
15.39	33.1123	-8.02137
15.4	33.1123	-8.02128
15.41	33.1124	-8.02119
15.42	33.1124	-8.0211
15.43	33.1124	-8.021
15.44	33.1125	-8.02091
15.45	33.1125	-8.02081
15.46	33.1125	-8.02072
15.47	33.1126	-8.02062
15.48	33.1126	-8.02053
15.49	33.1126	-8.02043
15.5	33.1127	-8.02034
15.51	33.1127	-8.02025
15.52	33.1127	-8.02015
15.53	33.1128	-8.02006
15.54	33.1128	-8.01997
15.55	33.1128	-8.01988
15.56	33.1129	-8.01979
15.57	33.1129	-8.0197
15.58	33.1129	-8.01961
15.59	33.113	-8.01953
15.6	33.113	-8.01944
15.61	33.113	-8.01936
15.62	33.1131	-8.01928
15.63	33.1131	-8.01921
15.64	33.1131	-8.01913
15.65	33.1131	-8.01906
15.66	33.1132	-8.01899
15.67	33.1132	-8.01893
15.68	33.1132	-8.01887
15.69	33.1132	-8.01881
15.7	33.1133	-8.01875
15.71	33.1133	-8.0187
15.72	33.1133	-8.01865
15.73	33.1133	-8.0186
15.74	33.1133	-8.01856
15.75	33.1133	-8.01852
15.76	33.1133	-8.01849
15.77	33.1134	-8.01846
15.78	33.1134	-8.01843
15.79	33.1134	-8.01841
15.8	33.1134	-8.01839
15.81	33.1134	-8.01837
15.82	33.1134	-8.01837
15.83	33.1134	-8.01836
15.84	33.1134	-8.01836
15.85	33.1134	-8.01836
15.86	33.1134	-8.01837
15.87	33.1134	-8.01838
15.88	33.1134	-8.0184
15.89	33.1134	-8.01842
15.9	33.1134	-8.01845
15.91	33.1133	-8.01848
15.92	33.1133	-8.01851
15.93	33.1133	-8.01855
15.94	33.1133	-8.01859
15.95	33.1133	-8.01864
15.96	33.1133	-8.01869
15.97	33.1133	-8.01875
15.98	33.1132	-8.0188
15.99	33.1132	-8.01887
16	33.1132	-8.01894
16.01	33.1132	-8.01901
16.02	33.1131	-8.01908
16.03	33.1131	-8.01916
16.04	33.1131	-8.01924
16.05	33.113	-8.01933
16.06	33.113	-8.01942
16.07	33.113	-8.01951
16.08	33.1129	-8.0196
16.09	33.1129	-8.0197
16.1	33.1129	-8.0198
16.11	33.1128	-8.0199
16.12	33.1128	-8.02001
16.13	33.1128	-8.02012
16.14	33.1127	-8.02023
16.15	33.1127	-8.02034
16.16	33.1126	-8.02046
16.17	33.1126	-8.02058
16.18	33.1126	-8.0207
16.19	33.1125	-8.02082
16.2	33.1125	-8.02094
16.21	33.1124	-8.02106
16.22	33.1124	-8.02119
16.23	33.1123	-8.02131
16.24	33.1123	-8.02144
16.25	33.1122	-8.02157
16.26	33.1122	-8.0217
16.27	33.1121	-8.02183
16.28	33.1121	-8.02196
16.29	33.112	-8.02209
16.3	33.112	-8.02222
16.31	33.112	-8.02235
16.32	33.1119	-8.02248
16.33	33.1119	-8.02261
16.34	33.1118	-8.02274
16.35	33.1118	-8.02287
16.36	33.1117	-8.023
16.37	33.1117	-8.02313
16.38	33.1116	-8.02326
16.39	33.1116	-8.02339
16.4	33.1115	-8.02352
16.41	33.1115	-8.02364
16.42	33.1114	-8.02377
16.43	33.1114	-8.02389
16.44	33.1114	-8.02402
16.45	33.1113	-8.02414
16.46	33.1113	-8.02426
16.47	33.1112	-8.02438
16.48	33.1112	-8.0245
16.49	33.1111	-8.02462
16.5	33.1111	-8.02474
16.51	33.1111	-8.02485
16.52	33.111	-8.02497
16.53	33.111	-8.02508
16.54	33.1109	-8.02519
16.55	33.1109	-8.0253
16.56	33.1109	-8.02541
16.57	33.1108	-8.02552
16.58	33.1108	-8.02562
16.59	33.1107	-8.02573
16.6	33.1107	-8.02583
16.61	33.1107	-8.02593
16.62	33.1106	-8.02603
16.63	33.1106	-8.02613
16.64	33.1106	-8.02623
16.65	33.1105	-8.02633
16.66	33.1105	-8.02642
16.67	33.1105	-8.02651
16.68	33.1104	-8.02661
16.69	33.1104	-8.0267
16.7	33.1104	-8.02678
16.71	33.1103	-8.02687
16.72	33.1103	-8.02696
16.73	33.1103	-8.02704
16.74	33.1102	-8.02713
16.75	33.1102	-8.02721
16.76	33.1102	-8.02729
16.77	33.1101	-8.02737
16.78	33.1101	-8.02745
16.79	33.1101	-8.02753
16.8	33.1101	-8.02761
16.81	33.11	-8.02768
16.82	33.11	-8.02776
16.83	33.11	-8.02783
16.84	33.11	-8.0279
16.85	33.1099	-8.02798
16.86	33.1099	-8.02805
16.87	33.1099	-8.02812
16.88	33.1099	-8.02818
16.89	33.1098	-8.02825
16.9	33.1098	-8.02832
16.91	33.1098	-8.02838
16.92	33.1098	-8.02845
16.93	33.1097	-8.02851
16.94	33.1097	-8.02857
16.95	33.1097	-8.02864
16.96	33.1097	-8.0287
16.97	33.1096	-8.02876
16.98	33.1096	-8.02881
16.99	33.1096	-8.02887
17	33.1096	-8.02893
17.01	33.1096	-8.02898
17.02	33.1095	-8.02904
17.03	33.1095	-8.02909
17.04	33.1095	-8.02914
17.05	33.1095	-8.02919
17.06	33.1095	-8.02924
17.07	33.1095	-8.02929
17.08	33.1094	-8.02934
17.09	33.1094	-8.02939
17.1	33.1094	-8.02943
17.11	33.1094	-8.02948
17.12	33.1094	-8.02952
17.13	33.1094	-8.02956
17.14	33.1093	-8.0296
17.15	33.1093	-8.02964
17.16	33.1093	-8.02967
17.17	33.1093	-8.02971
17.18	33.1093	-8.02974
17.19	33.1093	-8.02978
17.2	33.1093	-8.02981
17.21	33.1093	-8.02983
17.22	33.1093	-8.02986
17.23	33.1092	-8.02989
17.24	33.1092	-8.02991
17.25	33.1092	-8.02993
17.26	33.1092	-8.02995
17.27	33.1092	-8.02997
17.28	33.1092	-8.02998
17.29	33.1092	-8.03
17.3	33.1092	-8.03001
17.31	33.1092	-8.03002
17.32	33.1092	-8.03003
17.33	33.1092	-8.03003
17.34	33.1092	-8.03003
17.35	33.1092	-8.03003
17.36	33.1092	-8.03003
17.37	33.1092	-8.03003
17.38	33.1092	-8.03002
17.39	33.1092	-8.03001
17.4	33.1092	-8.03
17.41	33.1092	-8.02998
17.42	33.1092	-8.02997
17.43	33.1092	-8.02995
17.44	33.1092	-8.02993
17.45	33.1092	-8.0299
17.46	33.1092	-8.02987
17.47	33.1093	-8.02984
17.48	33.1093	-8.02981
17.49	33.1093	-8.02978
17.5	33.1093	-8.02974
17.51	33.1093	-8.0297
17.52	33.1093	-8.02966
17.53	33.1093	-8.02961
17.54	33.1094	-8.02956
17.55	33.1094	-8.02951
17.56	33.1094	-8.02946
17.57	33.1094	-8.0294
17.58	33.1094	-8.02935
17.59	33.1095	-8.02929
17.6	33.1095	-8.02922
17.61	33.1095	-8.02916
17.62	33.1095	-8.02909
17.63	33.1096	-8.02902
17.64	33.1096	-8.02895
17.65	33.1096	-8.02887
17.66	33.1096	-8.02879
17.67	33.1097	-8.02871
17.68	33.1097	-8.02863
17.69	33.1097	-8.02855
17.7	33.1098	-8.02846
17.71	33.1098	-8.02838
17.72	33.1098	-8.02829
17.73	33.1099	-8.02819
17.74	33.1099	-8.0281
17.75	33.1099	-8.02801
17.76	33.11	-8.02791
17.77	33.11	-8.02781
17.78	33.11	-8.02771
17.79	33.1101	-8.02761
17.8	33.1101	-8.02751
17.81	33.1101	-8.0274
17.82	33.1102	-8.0273
17.83	33.1102	-8.02719
17.84	33.1103	-8.02708
17.85	33.1103	-8.02697
17.86	33.1103	-8.02686
17.87	33.1104	-8.02675
17.88	33.1104	-8.02664
17.89	33.1104	-8.02653
17.9	33.1105	-8.02642
17.91	33.1105	-8.0263
17.92	33.1106	-8.02619
17.93	33.1106	-8.02608
17.94	33.1107	-8.02596
17.95	33.1107	-8.02585
17.96	33.1107	-8.02573
17.97	33.1108	-8.02561
17.98	33.1108	-8.0255
17.99	33.1109	-8.02538
18	33.1109	-8.02527
18.01	33.1109	-8.02515
18.02	33.111	-8.02504
18.03	33.111	-8.02492
18.04	33.1111	-8.02481
18.05	33.1111	-8.02469
18.06	33.1112	-8.02458
18.07	33.1112	-8.02447
18.08	33.1112	-8.02436
18.09	33.1113	-8.02424
18.1	33.1113	-8.02413
18.11	33.1114	-8.02402
18.12	33.1114	-8.02391
18.13	33.1114	-8.0238
18.14	33.1115	-8.0237
18.15	33.1115	-8.02359
18.16	33.1115	-8.02349
18.17	33.1116	-8.02338
18.18	33.1116	-8.02328
18.19	33.1117	-8.02318
18.2	33.1117	-8.02308
18.21	33.1117	-8.02298
18.22	33.1118	-8.02288
18.23	33.1118	-8.02278
18.24	33.1118	-8.02269
18.25	33.1119	-8.0226
18.26	33.1119	-8.0225
18.27	33.1119	-8.02241
18.28	33.112	-8.02232
18.29	33.112	-8.02224
18.3	33.112	-8.02215
18.31	33.1121	-8.02207
18.32	33.1121	-8.02198
18.33	33.1121	-8.0219
18.34	33.1121	-8.02182
18.35	33.1122	-8.02175
18.36	33.1122	-8.02167
18.37	33.1122	-8.0216
18.38	33.1123	-8.02152
18.39	33.1123	-8.02145
18.4	33.1123	-8.02138
18.41	33.1123	-8.02132
18.42	33.1124	-8.02125
18.43	33.1124	-8.02119
18.44	33.1124	-8.02112
18.45	33.1124	-8.02106
18.46	33.1124	-8.02101
18.47	33.1125	-8.02095
18.48	33.1125	-8.02089
18.49	33.1125	-8.02084
18.5	33.1125	-8.02079
18.51	33.1125	-8.02074
18.52	33.1126	-8.02069
18.53	33.1126	-8.02064
18.54	33.1126	-8.0206
18.55	33.1126	-8.02056
18.56	33.1126	-8.02051
18.57	33.1126	-8.02048
18.58	33.1126	-8.02044
18.59	33.1127	-8.0204
18.6	33.1127	-8.02037
18.61	33.1127	-8.02033
18.62	33.1127	-8.0203
18.63	33.1127	-8.02027
18.64	33.1127	-8.02025
18.65	33.1127	-8.02022
18.66	33.1127	-8.0202
18.67	33.1127	-8.02018
18.68	33.1127	-8.02015
18.69	33.1128	-8.02014
18.7	33.1128	-8.02012
18.71	33.1128	-8.0201
18.72	33.1128	-8.02009
18.73	33.1128	-8.02008
18.74	33.1128	-8.02007
18.75	33.1128	-8.02006
18.76	33.1128	-8.02005
18.77	33.1128	-8.02004
18.78	33.1128	-8.02004
18.79	33.1128	-8.02004
18.8	33.1128	-8.02004
18.81	33.1128	-8.02004
18.82	33.1128	-8.02004
18.83	33.1128	-8.02004
18.84	33.1128	-8.02005
18.85	33.1128	-8.02006
18.86	33.1128	-8.02006
18.87	33.1128	-8.02007
18.88	33.1128	-8.02009
18.89	33.1128	-8.0201
18.9	33.1128	-8.02012
18.91	33.1128	-8.02013
18.92	33.1127	-8.02015
18.93	33.1127	-8.02017
18.94	33.1127	-8.02019
18.95	33.1127	-8.02022
18.96	33.1127	-8.02024
18.97	33.1127	-8.02027
18.98	33.1127	-8.02029
18.99	33.1127	-8.02032
19	33.1127	-8.02036
19.01	33.1127	-8.02039
19.02	33.1126	-8.02042
19.03	33.1126	-8.02046
19.04	33.1126	-8.0205
19.05	33.1126	-8.02053
19.06	33.1126	-8.02058
19.07	33.1126	-8.02062
19.08	33.1126	-8.02066
19.09	33.1125	-8.02071
19.1	33.1125	-8.02075
19.11	33.1125	-8.0208
19.12	33.1125	-8.02085
19.13	33.1125	-8.0209
19.14	33.1125	-8.02095
19.15	33.1124	-8.02101
19.16	33.1124	-8.02106
19.17	33.1124	-8.02112
19.18	33.1124	-8.02118
19.19	33.1124	-8.02124
19.2	33.1123	-8.0213
19.21	33.1123	-8.02137
19.22	33.1123	-8.02143
19.23	33.1123	-8.0215
19.24	33.1122	-8.02156
19.25	33.1122	-8.02163
19.26	33.1122	-8.0217
19.27	33.1122	-8.02177
19.28	33.1121	-8.02185
19.29	33.1121	-8.02192
19.3	33.1121	-8.022
19.31	33.1121	-8.02207
19.32	33.112	-8.02215
19.33	33.112	-8.02223
19.34	33.112	-8.02231
19.35	33.1119	-8.02239
19.36	33.1119	-8.02248
19.37	33.1119	-8.02256
19.38	33.1118	-8.02264
19.39	33.1118	-8.02273
19.4	33.1118	-8.02282
19.41	33.1118	-8.0229
19.42	33.1117	-8.02299
19.43	33.1117	-8.02308
19.44	33.1117	-8.02317
19.45	33.1116	-8.02326
19.46	33.1116	-8.02336
19.47	33.1116	-8.02345
19.48	33.1115	-8.02354
19.49	33.1115	-8.02363
19.5	33.1115	-8.02373
19.51	33.1114	-8.02382
19.52	33.1114	-8.02392
19.53	33.1114	-8.02402
19.54	33.1113	-8.02411
19.55	33.1113	-8.02421
19.56	33.1113	-8.02431
19.57	33.1112	-8.0244
19.58	33.1112	-8.0245
19.59	33.1111	-8.0246
19.6	33.1111	-8.02469
19.61	33.1111	-8.02479
19.62	33.111	-8.02489
19.63	33.111	-8.02499
19.64	33.111	-8.02509
19.65	33.1109	-8.02518
19.66	33.1109	-8.02528
19.67	33.1109	-8.02538
19.68	33.1108	-8.02547
19.69	33.1108	-8.02557
19.7	33.1108	-8.02567
19.71	33.1107	-8.02576
19.72	33.1107	-8.02586
19.73	33.1107	-8.02595
19.74	33.1106	-8.02604
19.75	33.1106	-8.02614
19.76	33.1106	-8.02623
19.77	33.1105	-8.02632
19.78	33.1105	-8.02641
19.79	33.1105	-8.0265
19.8	33.1104	-8.02659
19.81	33.1104	-8.02668
19.82	33.1104	-8.02676
19.83	33.1103	-8.02685
19.84	33.1103	-8.02693
19.85	33.1103	-8.02702
19.86	33.1102	-8.0271
19.87	33.1102	-8.02718
19.88	33.1102	-8.02726
19.89	33.1102	-8.02734
19.9	33.1101	-8.02741
19.91	33.1101	-8.02749
19.92	33.1101	-8.02756
19.93	33.1101	-8.02764
19.94	33.11	-8.02771
19.95	33.11	-8.02778
19.96	33.11	-8.02785
19.97	33.11	-8.02791
19.98	33.1099	-8.02798
19.99	33.1099	-8.02804
20	33.1099	-8.0281
20.01	33.1099	-8.02816
20.02	33.1098	-8.02822
20.03	33.1098	-8.02827
20.04	33.1098	-8.02833
20.05	33.1098	-8.02838
20.06	33.1098	-8.02843
20.07	33.1097	-8.02848
20.08	33.1097	-8.02852
20.09	33.1097	-8.02857
20.1	33.1097	-8.02861
20.11	33.1097	-8.02865
20.12	33.1097	-8.02869
20.13	33.1097	-8.02873
20.14	33.1096	-8.02876
20.15	33.1096	-8.02879
20.16	33.1096	-8.02883
20.17	33.1096	-8.02885
20.18	33.1096	-8.02888
20.19	33.1096	-8.02891
20.2	33.1096	-8.02893
20.21	33.1096	-8.02895
20.22	33.1096	-8.02897
20.23	33.1096	-8.02899
20.24	33.1096	-8.029
20.25	33.1096	-8.02901
20.26	33.1096	-8.02903
20.27	33.1095	-8.02904
20.28	33.1095	-8.02904
20.29	33.1095	-8.02905
20.3	33.1095	-8.02905
20.31	33.1095	-8.02905
20.32	33.1095	-8.02905
20.33	33.1095	-8.02905
20.34	33.1095	-8.02905
20.35	33.1095	-8.02904
20.36	33.1095	-8.02903
20.37	33.1096	-8.02902
20.38	33.1096	-8.02901
20.39	33.1096	-8.029
20.4	33.1096	-8.02898
20.41	33.1096	-8.02897
20.42	33.1096	-8.02895
20.43	33.1096	-8.02893
20.44	33.1096	-8.02891
20.45	33.1096	-8.02888
20.46	33.1096	-8.02886
20.47	33.1096	-8.02883
20.48	33.1096	-8.0288
20.49	33.1096	-8.02877
20.5	33.1097	-8.02874
20.51	33.1097	-8.02871
20.52	33.1097	-8.02867
20.53	33.1097	-8.02864
20.54	33.1097	-8.0286
20.55	33.1097	-8.02856
20.56	33.1097	-8.02852
20.57	33.1097	-8.02848
20.58	33.1098	-8.02844
20.59	33.1098	-8.02839
20.6	33.1098	-8.02835
20.61	33.1098	-8.0283
20.62	33.1098	-8.02825
20.63	33.1098	-8.0282
20.64	33.1099	-8.02815
20.65	33.1099	-8.0281
20.66	33.1099	-8.02804
20.67	33.1099	-8.02799
20.68	33.1099	-8.02793
20.69	33.11	-8.02787
20.7	33.11	-8.02782
20.71	33.11	-8.02776
20.72	33.11	-8.0277
20.73	33.1101	-8.02764
20.74	33.1101	-8.02757
20.75	33.1101	-8.02751
20.76	33.1101	-8.02744
20.77	33.1101	-8.02738
20.78	33.1102	-8.02731
20.79	33.1102	-8.02725
20.8	33.1102	-8.02718
20.81	33.1102	-8.02711
20.82	33.1103	-8.02704
20.83	33.1103	-8.02697
20.84	33.1103	-8.0269
20.85	33.1103	-8.02683
20.86	33.1104	-8.02675
20.87	33.1104	-8.02668
20.88	33.1104	-8.02661
20.89	33.1104	-8.02653
20.9	33.1105	-8.02645
20.91	33.1105	-8.02638
20.92	33.1105	-8.0263
20.93	33.1106	-8.02622
20.94	33.1106	-8.02615
20.95	33.1106	-8.02607
20.96	33.1106	-8.02599
20.97	33.1107	-8.02591
20.98	33.1107	-8.02583
20.99	33.1107	-8.02575
21	33.1108	-8.02567
21.01	33.1108	-8.02559
21.02	33.1108	-8.02551
21.03	33.1108	-8.02543
21.04	33.1109	-8.02535
21.05	33.1109	-8.02526
21.06	33.1109	-8.02518
21.07	33.111	-8.0251
21.08	33.111	-8.02502
21.09	33.111	-8.02493
21.1	33.1111	-8.02485
21.11	33.1111	-8.02477
21.12	33.1111	-8.02469
21.13	33.1111	-8.0246
21.14	33.1112	-8.02452
21.15	33.1112	-8.02444
21.16	33.1112	-8.02436
21.17	33.1113	-8.02427
21.18	33.1113	-8.02419
21.19	33.1113	-8.02411
21.2	33.1113	-8.02403
21.21	33.1114	-8.02395
21.22	33.1114	-8.02387
21.23	33.1114	-8.02379
21.24	33.1115	-8.02371
21.25	33.1115	-8.02363
21.26	33.1115	-8.02355
21.27	33.1116	-8.02347
21.28	33.1116	-8.02339
21.29	33.1116	-8.02332
21.3	33.1116	-8.02324
21.31	33.1117	-8.02316
21.32	33.1117	-8.02309
21.33	33.1117	-8.02301
21.34	33.1117	-8.02294
21.35	33.1118	-8.02287
21.36	33.1118	-8.0228
21.37	33.1118	-8.02272
21.38	33.1118	-8.02265
21.39	33.1119	-8.02259
21.4	33.1119	-8.02252
21.41	33.1119	-8.02245
21.42	33.1119	-8.02239
21.43	33.112	-8.02232
21.44	33.112	-8.02226
21.45	33.112	-8.02219
21.46	33.112	-8.02213
21.47	33.1121	-8.02207
21.48	33.1121	-8.02201
21.49	33.1121	-8.02196
21.5	33.1121	-8.0219
21.51	33.1121	-8.02185
21.52	33.1122	-8.02179
21.53	33.1122	-8.02174
21.54	33.1122	-8.02169
21.55	33.1122	-8.02164
21.56	33.1122	-8.02159
21.57	33.1122	-8.02155
21.58	33.1123	-8.0215
21.59	33.1123	-8.02146
21.6	33.1123	-8.02142
21.61	33.1123	-8.02138
21.62	33.1123	-8.02134
21.63	33.1123	-8.0213
21.64	33.1123	-8.02127
21.65	33.1124	-8.02123
21.66	33.1124	-8.0212
21.67	33.1124	-8.02117
21.68	33.1124	-8.02114
21.69	33.1124	-8.02112
21.7	33.1124	-8.02109
21.71	33.1124	-8.02107
21.72	33.1124	-8.02105
21.73	33.1124	-8.02103
21.74	33.1124	-8.02101
21.75	33.1124	-8.02099
21.76	33.1124	-8.02098
21.77	33.1125	-8.02096
21.78	33.1125	-8.02095
21.79	33.1125	-8.02094
21.8	33.1125	-8.02093
21.81	33.1125	-8.02093
21.82	33.1125	-8.02092
21.83	33.1125	-8.02092
21.84	33.1125	-8.02092
21.85	33.1125	-8.02092
21.86	33.1125	-8.02092
21.87	33.1125	-8.02092
21.88	33.1125	-8.02093
21.89	33.1125	-8.02094
21.9	33.1125	-8.02094
21.91	33.1125	-8.02095
21.92	33.1125	-8.02097
21.93	33.1124	-8.02098
21.94	33.1124	-8.02099
21.95	33.1124	-8.02101
21.96	33.1124	-8.02103
21.97	33.1124	-8.02105
21.98	33.1124	-8.02107
21.99	33.1124	-8.02109
22	33.1124	-8.02111
22.01	33.1124	-8.02114
22.02	33.1124	-8.02117
22.03	33.1124	-8.02119
22.04	33.1124	-8.02122
22.05	33.1123	-8.02125
22.06	33.1123	-8.02128
22.07	33.1123	-8.02132
22.08	33.1123	-8.02135
22.09	33.1123	-8.02139
22.1	33.1123	-8.02142
22.11	33.1123	-8.02146
22.12	33.1123	-8.0215
22.13	33.1122	-8.02154
22.14	33.1122	-8.02158
22.15	33.1122	-8.02163
22.16	33.1122	-8.02167
22.17	33.1122	-8.02171
22.18	33.1122	-8.02176
22.19	33.1122	-8.02181
22.2	33.1121	-8.02185
22.21	33.1121	-8.0219
22.22	33.1121	-8.02195
22.23	33.1121	-8.022
22.24	33.1121	-8.02205
22.25	33.112	-8.02211
22.26	33.112	-8.02216
22.27	33.112	-8.02221
22.28	33.112	-8.02227
22.29	33.112	-8.02232
22.3	33.1119	-8.02238
22.31	33.1119	-8.02244
22.32	33.1119	-8.0225
22.33	33.1119	-8.02255
22.34	33.1119	-8.02261
22.35	33.1118	-8.02267
22.36	33.1118	-8.02273
22.37	33.1118	-8.0228
22.38	33.1118	-8.02286
22.39	33.1117	-8.02292
22.4	33.1117	-8.02298
22.41	33.1117	-8.02305
22.42	33.1117	-8.02311
22.43	33.1117	-8.02318
22.44	33.1116	-8.02324
22.45	33.1116	-8.02331
22.46	33.1116	-8.02337
22.47	33.1116	-8.02344
22.48	33.1115	-8.02351
22.49	33.1115	-8.02357
22.5	33.1115	-8.02364
22.51	33.1115	-8.02371
22.52	33.1114	-8.02378
22.53	33.1114	-8.02385
22.54	33.1114	-8.02392
22.55	33.1114	-8.02399
22.56	33.1113	-8.02406
22.57	33.1113	-8.02413
22.58	33.1113	-8.0242
22.59	33.1113	-8.02427
22.6	33.1112	-8.02434
22.61	33.1112	-8.02441
22.62	33.1112	-8.02448
22.63	33.1112	-8.02455
22.64	33.1111	-8.02462
22.65	33.1111	-8.02469
22.66	33.1111	-8.02476
22.67	33.1111	-8.02483
22.68	33.111	-8.0249
22.69	33.111	-8.02497
22.7	33.111	-8.02504
22.71	33.111	-8.02511
22.72	33.1109	-8.02518
22.73	33.1109	-8.02525
22.74	33.1109	-8.02532
22.75	33.1109	-8.02539
22.76	33.1108	-8.02546
22.77	33.1108	-8.02553
22.78	33.1108	-8.0256
22.79	33.1108	-8.02567
22.8	33.1107	-8.02574
22.81	33.1107	-8.0258
22.82	33.1107	-8.02587
22.83	33.1107	-8.02594
22.84	33.1106	-8.02601
22.85	33.1106	-8.02607
22.86	33.1106	-8.02614
22.87	33.1106	-8.0262
22.88	33.1105	-8.02626
22.89	33.1105	-8.02633
22.9	33.1105	-8.02639
22.91	33.1105	-8.02645
22.92	33.1105	-8.02651
22.93	33.1104	-8.02657
22.94	33.1104	-8.02663
22.95	33.1104	-8.02669
22.96	33.1104	-8.02675
22.97	33.1103	-8.02681
22.98	33.1103	-8.02686
22.99	33.1103	-8.02692
23	33.1103	-8.02697
23.01	33.1103	-8.02703
23.02	33.1103	-8.02708
23.03	33.1102	-8.02713
23.04	33.1102	-8.02718
23.05	33.1102	-8.02723
23.06	33.1102	-8.02728
23.07	33.1102	-8.02732
23.08	33.1101	-8.02737
23.09	33.1101	-8.02741
23.1	33.1101	-8.02745
23.11	33.1101	-8.02749
23.12	33.1101	-8.02753
23.13	33.1101	-8.02757
23.14	33.1101	-8.02761
23.15	33.11	-8.02765
23.16	33.11	-8.02768
23.17	33.11	-8.02771
23.18	33.11	-8.02774
23.19	33.11	-8.02778
23.2	33.11	-8.0278
23.21	33.11	-8.02783
23.22	33.11	-8.02786
23.23	33.11	-8.02788
23.24	33.11	-8.0279
23.25	33.1099	-8.02792
23.26	33.1099	-8.02794
23.27	33.1099	-8.02796
23.28	33.1099	-8.02798
23.29	33.1099	-8.02799
23.3	33.1099	-8.02801
23.31	33.1099	-8.02802
23.32	33.1099	-8.02803
23.33	33.1099	-8.02804
23.34	33.1099	-8.02804
23.35	33.1099	-8.02805
23.36	33.1099	-8.02805
23.37	33.1099	-8.02805
23.38	33.1099	-8.02805
23.39	33.1099	-8.02805
23.4	33.1099	-8.02805
23.41	33.1099	-8.02805
23.42	33.1099	-8.02804
23.43	33.1099	-8.02803
23.44	33.1099	-8.02803
23.45	33.1099	-8.02802
23.46	33.1099	-8.028
23.47	33.1099	-8.02799
23.48	33.1099	-8.02798
23.49	33.1099	-8.02796
23.5	33.1099	-8.02794
23.51	33.1099	-8.02792
23.52	33.11	-8.0279
23.53	33.11	-8.02788
23.54	33.11	-8.02786
23.55	33.11	-8.02783
23.56	33.11	-8.02781
23.57	33.11	-8.02778
23.58	33.11	-8.02775
23.59	33.11	-8.02772
23.6	33.11	-8.02769
23.61	33.11	-8.02766
23.62	33.1101	-8.02763
23.63	33.1101	-8.02759
23.64	33.1101	-8.02756
23.65	33.1101	-8.02752
23.66	33.1101	-8.02748
23.67	33.1101	-8.02744
23.68	33.1101	-8.0274
23.69	33.1101	-8.02736
23.7	33.1102	-8.02732
23.71	33.1102	-8.02728
23.72	33.1102	-8.02724
23.73	33.1102	-8.02719
23.74	33.1102	-8.02714
23.75	33.1102	-8.0271
23.76	33.1103	-8.02705
23.77	33.1103	-8.027
23.78	33.1103	-8.02695
23.79	33.1103	-8.0269
23.8	33.1103	-8.02685
23.81	33.1104	-8.0268
23.82	33.1104	-8.02675
23.83	33.1104	-8.0267
23.84	33.1104	-8.02665
23.85	33.1104	-8.02659
23.86	33.1104	-8.02654
23.87	33.1105	-8.02648
23.88	33.1105	-8.02643
23.89	33.1105	-8.02637
23.9	33.1105	-8.02631
23.91	33.1105	-8.02626
23.92	33.1106	-8.0262
23.93	33.1106	-8.02614
23.94	33.1106	-8.02609
23.95	33.1106	-8.02603
23.96	33.1107	-8.02597
23.97	33.1107	-8.02591
23.98	33.1107	-8.02585
23.99	33.1107	-8.02579
24	33.1107	-8.02573
24.01	33.1108	-8.02567
24.02	33.1108	-8.02561
24.03	33.1108	-8.02555
24.04	33.1108	-8.02549
24.05	33.1108	-8.02543
24.06	33.1109	-8.02537
24.07	33.1109	-8.02531
24.08	33.1109	-8.02524
24.09	33.1109	-8.02518
24.1	33.111	-8.02512
24.11	33.111	-8.02506
24.12	33.111	-8.025
24.13	33.111	-8.02494
24.14	33.111	-8.02488
24.15	33.1111	-8.02482
24.16	33.1111	-8.02476
24.17	33.1111	-8.02469
24.18	33.1111	-8.02463
24.19	33.1112	-8.02457
24.2	33.1112	-8.02451
24.21	33.1112	-8.02445
24.22	33.1112	-8.02439
24.23	33.1112	-8.02433
24.24	33.1113	-8.02427
24.25	33.1113	-8.02421
24.26	33.1113	-8.02415
24.27	33.1113	-8.02409
24.28	33.1113	-8.02403
24.29	33.1114	-8.02398
24.3	33.1114	-8.02392
24.31	33.1114	-8.02386
24.32	33.1114	-8.0238
24.33	33.1115	-8.02375
24.34	33.1115	-8.02369
24.35	33.1115	-8.02363
24.36	33.1115	-8.02358
24.37	33.1115	-8.02352
24.38	33.1116	-8.02347
24.39	33.1116	-8.02342
24.4	33.1116	-8.02336
24.41	33.1116	-8.02331
24.42	33.1116	-8.02326
24.43	33.1116	-8.02321
24.44	33.1117	-8.02316
24.45	33.1117	-8.02311
24.46	33.1117	-8.02306
24.47	33.1117	-8.02301
24.48	33.1117	-8.02296
24.49	33.1118	-8.02291
24.5	33.1118	-8.02287
24.51	33.1118	-8.02282
24.52	33.1118	-8.02278
24.53	33.1118	-8.02273
24.54	33.1118	-8.02269
24.55	33.1118	-8.02265
24.56	33.1119	-8.02261
24.57	33.1119	-8.02257
24.58	33.1119	-8.02253
24.59	33.1119	-8.02249
24.6	33.1119	-8.02245
24.61	33.1119	-8.02241
24.62	33.1119	-8.02238
24.63	33.112	-8.02235
24.64	33.112	-8.02231
24.65	33.112	-8.02228
24.66	33.112	-8.02225
24.67	33.112	-8.02222
24.68	33.112	-8.02219
24.69	33.112	-8.02216
24.7	33.112	-8.02214
24.71	33.112	-8.02211
24.72	33.112	-8.02209
24.73	33.1121	-8.02206
24.74	33.1121	-8.02204
24.75	33.1121	-8.02202
24.76	33.1121	-8.022
24.77	33.1121	-8.02198
24.78	33.1121	-8.02197
24.79	33.1121	-8.02195
24.8	33.1121	-8.02194
24.81	33.1121	-8.02193
24.82	33.1121	-8.02191
24.83	33.1121	-8.0219
24.84	33.1121	-8.02189
24.85	33.1121	-8.02189
24.86	33.1121	-8.02188
24.87	33.1121	-8.02187
24.88	33.1121	-8.02187
24.89	33.1121	-8.02187
24.9	33.1121	-8.02186
24.91	33.1121	-8.02186
24.92	33.1121	-8.02186
24.93	33.1121	-8.02187
24.94	33.1121	-8.02187
24.95	33.1121	-8.02188
24.96	33.1121	-8.02188
24.97	33.1121	-8.02189
24.98	33.1121	-8.0219
24.99	33.1121	-8.02191
25	33.1121	-8.02192
25.01	33.1121	-8.02193
25.02	33.1121	-8.02194
25.03	33.1121	-8.02196
25.04	33.1121	-8.02197
25.05	33.1121	-8.02199
25.06	33.1121	-8.02201
25.07	33.1121	-8.02203
25.08	33.1121	-8.02205
25.09	33.1121	-8.02207
25.1	33.112	-8.02209
25.11	33.112	-8.02211
25.12	33.112	-8.02214
25.13	33.112	-8.02216
25.14	33.112	-8.02219
25.15	33.112	-8.02222
25.16	33.112	-8.02225
25.17	33.112	-8.02228
25.18	33.112	-8.02231
25.19	33.112	-8.02234
25.2	33.1119	-8.02237
25.21	33.1119	-8.0224
25.22	33.1119	-8.02244
25.23	33.1119	-8.02247
25.24	33.1119	-8.02251
25.25	33.1119	-8.02255
25.26	33.1119	-8.02258
25.27	33.1119	-8.02262
25.28	33.1118	-8.02266
25.29	33.1118	-8.0227
25.3	33.1118	-8.02274
25.31	33.1118	-8.02278
25.32	33.1118	-8.02282
25.33	33.1118	-8.02286
25.34	33.1118	-8.02291
25.35	33.1117	-8.02295
25.36	33.1117	-8.02299
25.37	33.1117	-8.02304
25.38	33.1117	-8.02308
25.39	33.1117	-8.02313
25.4	33.1117	-8.02317
25.41	33.1116	-8.02322
25.42	33.1116	-8.02327
25.43	33.1116	-8.02332
25.44	33.1116	-8.02336
25.45	33.1116	-8.02341
25.46	33.1116	-8.02346
25.47	33.1115	-8.02351
25.48	33.1115	-8.02356
25.49	33.1115	-8.02361
25.5	33.1115	-8.02366
25.51	33.1115	-8.02371
25.52	33.1114	-8.02376
25.53	33.1114	-8.02381
25.54	33.1114	-8.02386
25.55	33.1114	-8.02391
25.56	33.1114	-8.02396
25.57	33.1114	-8.02401
25.58	33.1113	-8.02406
25.59	33.1113	-8.02412
25.6	33.1113	-8.02417
25.61	33.1113	-8.02422
25.62	33.1113	-8.02427
25.63	33.1112	-8.02432
25.64	33.1112	-8.02438
25.65	33.1112	-8.02443
25.66	33.1112	-8.02448
25.67	33.1112	-8.02453
25.68	33.1112	-8.02458
25.69	33.1111	-8.02464
25.7	33.1111	-8.02469
25.71	33.1111	-8.02474
25.72	33.1111	-8.02479
25.73	33.1111	-8.02484
25.74	33.111	-8.0249
25.75	33.111	-8.02495
25.76	33.111	-8.025
25.77	33.111	-8.02505
25.78	33.111	-8.0251
25.79	33.1109	-8.02515
25.8	33.1109	-8.0252
25.81	33.1109	-8.02525
25.82	33.1109	-8.0253
25.83	33.1109	-8.02535
25.84	33.1109	-8.0254
25.85	33.1108	-8.02545
25.86	33.1108	-8.0255
25.87	33.1108	-8.02555
25.88	33.1108	-8.02559
25.89	33.1108	-8.02564
25.9	33.1108	-8.02569
25.91	33.1107	-8.02574
25.92	33.1107	-8.02578
25.93	33.1107	-8.02583
25.94	33.1107	-8.02587
25.95	33.1107	-8.02592
25.96	33.1107	-8.02596
25.97	33.1106	-8.02601
25.98	33.1106	-8.02605
25.99	33.1106	-8.02609
26	33.1106	-8.02613
26.01	33.1106	-8.02617
26.02	33.1106	-8.02622
26.03	33.1105	-8.02626
26.04	33.1105	-8.02629
26.05	33.1105	-8.02633
26.06	33.1105	-8.02637
26.07	33.1105	-8.02641
26.08	33.1105	-8.02644
26.09	33.1105	-8.02648
26.1	33.1105	-8.02652
26.11	33.1104	-8.02655
26.12	33.1104	-8.02658
26.13	33.1104	-8.02662
26.14	33.1104	-8.02665
26.15	33.1104	-8.02668
26.16	33.1104	-8.02671
26.17	33.1104	-8.02674
26.18	33.1104	-8.02677
26.19	33.1104	-8.02679
26.2	33.1103	-8.02682
26.21	33.1103	-8.02684
26.22	33.1103	-8.02687
26.23	33.1103	-8.02689
26.24	33.1103	-8.02691
26.25	33.1103	-8.02693
26.26	33.1103	-8.02695
26.27	33.1103	-8.02697
26.28	33.1103	-8.02699
26.29	33.1103	-8.02701
26.3	33.1103	-8.02702
26.31	33.1103	-8.02704
26.32	33.1103	-8.02705
26.33	33.1103	-8.02707
26.34	33.1103	-8.02708
26.35	33.1102	-8.02709
26.36	33.1102	-8.0271
26.37	33.1102	-8.02711
26.38	33.1102	-8.02711
26.39	33.1102	-8.02712
26.4	33.1102	-8.02712
26.41	33.1102	-8.02713
26.42	33.1102	-8.02713
26.43	33.1102	-8.02713
26.44	33.1102	-8.02713
26.45	33.1102	-8.02713
26.46	33.1102	-8.02713
26.47	33.1102	-8.02713
26.48	33.1102	-8.02712
26.49	33.1102	-8.02712
26.5	33.1102	-8.02711
26.51	33.1102	-8.0271
26.52	33.1102	-8.0271
26.53	33.1102	-8.02709
26.54	33.1103	-8.02708
26.55	33.1103	-8.02706
26.56	33.1103	-8.02705
26.57	33.1103	-8.02704
26.58	33.1103	-8.02702
26.59	33.1103	-8.02701
26.6	33.1103	-8.02699
26.61	33.1103	-8.02697
26.62	33.1103	-8.02695
26.63	33.1103	-8.02693
26.64	33.1103	-8.02691
26.65	33.1103	-8.02689
26.66	33.1103	-8.02687
26.67	33.1103	-8.02685
26.68	33.1103	-8.02682
26.69	33.1104	-8.0268
26.7	33.1104	-8.02677
26.71	33.1104	-8.02675
26.72	33.1104	-8.02672
26.73	33.1104	-8.02669
26.74	33.1104	-8.02666
26.75	33.1104	-8.02663
26.76	33.1104	-8.0266
26.77	33.1104	-8.02657
26.78	33.1104	-8.02654
26.79	33.1105	-8.0265
26.8	33.1105	-8.02647
26.81	33.1105	-8.02644
26.82	33.1105	-8.0264
26.83	33.1105	-8.02637
26.84	33.1105	-8.02633
26.85	33.1105	-8.0263
26.86	33.1105	-8.02626
26.87	33.1106	-8.02622
26.88	33.1106	-8.02618
26.89	33.1106	-8.02615
26.9	33.1106	-8.02611
26.91	33.1106	-8.02607
26.92	33.1106	-8.02603
26.93	33.1106	-8.02599
26.94	33.1107	-8.02595
26.95	33.1107	-8.02591
26.96	33.1107	-8.02587
26.97	33.1107	-8.02582
26.98	33.1107	-8.02578
26.99	33.1107	-8.02574
27	33.1107	-8.0257
27.01	33.1108	-8.02566
27.02	33.1108	-8.02561
27.03	33.1108	-8.02557
27.04	33.1108	-8.02553
27.05	33.1108	-8.02548
27.06	33.1108	-8.02544
27.07	33.1109	-8.0254
27.08	33.1109	-8.02535
27.09	33.1109	-8.02531
27.1	33.1109	-8.02526
27.11	33.1109	-8.02522
27.12	33.1109	-8.02518
27.13	33.111	-8.02513
27.14	33.111	-8.02509
27.15	33.111	-8.02504
27.16	33.111	-8.025
27.17	33.111	-8.02496
27.18	33.111	-8.02491
27.19	33.111	-8.02487
27.2	33.1111	-8.02482
27.21	33.1111	-8.02478
27.22	33.1111	-8.02474
27.23	33.1111	-8.02469
27.24	33.1111	-8.02465
27.25	33.1111	-8.0246
27.26	33.1112	-8.02456
27.27	33.1112	-8.02452
27.28	33.1112	-8.02447
27.29	33.1112	-8.02443
27.3	33.1112	-8.02439
27.31	33.1112	-8.02435
27.32	33.1113	-8.0243
27.33	33.1113	-8.02426
27.34	33.1113	-8.02422
27.35	33.1113	-8.02418
27.36	33.1113	-8.02414
27.37	33.1113	-8.0241
27.38	33.1113	-8.02405
27.39	33.1114	-8.02401
27.4	33.1114	-8.02397
27.41	33.1114	-8.02393
27.42	33.1114	-8.0239
27.43	33.1114	-8.02386
27.44	33.1114	-8.02382
27.45	33.1114	-8.02378
27.46	33.1115	-8.02374
27.47	33.1115	-8.0237
27.48	33.1115	-8.02367
27.49	33.1115	-8.02363
27.5	33.1115	-8.02359
27.51	33.1115	-8.02356
27.52	33.1115	-8.02352
27.53	33.1115	-8.02349
27.54	33.1116	-8.02346
27.55	33.1116	-8.02342
27.56	33.1116	-8.02339
27.57	33.1116	-8.02336
27.58	33.1116	-8.02332
27.59	33.1116	-8.02329
27.6	33.1116	-8.02326
27.61	33.1116	-8.02323
27.62	33.1116	-8.0232
27.63	33.1117	-8.02318
27.64	33.1117	-8.02315
27.65	33.1117	-8.02312
27.66	33.1117	-8.02309
27.67	33.1117	-8.02307
27.68	33.1117	-8.02304
27.69	33.1117	-8.02302
27.7	33.1117	-8.02299
27.71	33.1117	-8.02297
27.72	33.1117	-8.02295
27.73	33.1117	-8.02293
27.74	33.1118	-8.02291
27.75	33.1118	-8.02289
27.76	33.1118	-8.02287
27.77	33.1118	-8.02285
27.78	33.1118	-8.02283
27.79	33.1118	-8.02282
27.8	33.1118	-8.0228
27.81	33.1118	-8.02279
27.82	33.1118	-8.02277
27.83	33.1118	-8.02276
27.84	33.1118	-8.02275
27.85	33.1118	-8.02274
27.86	33.1118	-8.02273
27.87	33.1118	-8.02272
27.88	33.1118	-8.02271
27.89	33.1118	-8.0227
27.9	33.1118	-8.02269
27.91	33.1118	-8.02269
27.92	33.1118	-8.02268
27.93	33.1118	-8.02268
27.94	33.1118	-8.02268
27.95	33.1118	-8.02267
27.96	33.1118	-8.02267
27.97	33.1118	-8.02267
27.98	33.1118	-8.02267
27.99	33.1118	-8.02268
28	33.1118	-8.02268
28.01	33.1118	-8.02268
28.02	33.1118	-8.02269
28.03	33.1118	-8.02269
28.04	33.1118	-8.0227
28.05	33.1118	-8.0227
28.06	33.1118	-8.02271
28.07	33.1118	-8.02272
28.08	33.1118	-8.02273
28.09	33.1118	-8.02274
28.1	33.1118	-8.02275
28.11	33.1118	-8.02276
28.12	33.1118	-8.02278
28.13	33.1118	-8.02279
28.14	33.1118	-8.02281
28.15	33.1118	-8.02282
28.16	33.1118	-8.02284
28.17	33.1118	-8.02285
28.18	33.1118	-8.02287
28.19	33.1118	-8.02289
28.2	33.1118	-8.02291
28.21	33.1117	-8.02293
28.22	33.1117	-8.02295
28.23	33.1117	-8.02297
28.24	33.1117	-8.02299
28.25	33.1117	-8.02302
28.26	33.1117	-8.02304
28.27	33.1117	-8.02307
28.28	33.1117	-8.02309
28.29	33.1117	-8.02312
28.3	33.1117	-8.02314
28.31	33.1117	-8.02317
28.32	33.1117	-8.0232
28.33	33.1116	-8.02322
28.34	33.1116	-8.02325
28.35	33.1116	-8.02328
28.36	33.1116	-8.02331
28.37	33.1116	-8.02334
28.38	33.1116	-8.02337
28.39	33.1116	-8.0234
28.4	33.1116	-8.02343
28.41	33.1116	-8.02346
28.42	33.1115	-8.02349
28.43	33.1115	-8.02353
28.44	33.1115	-8.02356
28.45	33.1115	-8.02359
28.46	33.1115	-8.02362
28.47	33.1115	-8.02366
28.48	33.1115	-8.02369
28.49	33.1115	-8.02373
28.5	33.1114	-8.02376
28.51	33.1114	-8.02379
28.52	33.1114	-8.02383
28.53	33.1114	-8.02386
28.54	33.1114	-8.0239
28.55	33.1114	-8.02393
28.56	33.1114	-8.02397
28.57	33.1114	-8.02401
28.58	33.1113	-8.02404
28.59	33.1113	-8.02408
28.6	33.1113	-8.02411
28.61	33.1113	-8.02415
28.62	33.1113	-8.02419
28.63	33.1113	-8.02422
28.64	33.1113	-8.02426
28.65	33.1113	-8.02429
28.66	33.1112	-8.02433
28.67	33.1112	-8.02437
28.68	33.1112	-8.0244
28.69	33.1112	-8.02444
28.7	33.1112	-8.02448
28.71	33.1112	-8.02451
28.72	33.1112	-8.02455
28.73	33.1111	-8.02459
28.74	33.1111	-8.02462
28.75	33.1111	-8.02466
28.76	33.1111	-8.02469
28.77	33.1111	-8.02473
28.78	33.1111	-8.02477
28.79	33.1111	-8.0248
28.8	33.1111	-8.02484
28.81	33.111	-8.02487
28.82	33.111	-8.02491
28.83	33.111	-8.02494
28.84	33.111	-8.02498
28.85	33.111	-8.02501
28.86	33.111	-8.02505
28.87	33.111	-8.02508
28.88	33.111	-8.02512
28.89	33.1109	-8.02515
28.9	33.1109	-8.02519
28.91	33.1109	-8.02522
28.92	33.1109	-8.02525
28.93	33.1109	-8.02529
28.94	33.1109	-8.02532
28.95	33.1109	-8.02535
28.96	33.1109	-8.02538
28.97	33.1109	-8.02541
28.98	33.1108	-8.02545
28.99	33.1108	-8.02548
29	33.1108	-8.02551
29.01	33.1108	-8.02554
29.02	33.1108	-8.02557
29.03	33.1108	-8.0256
29.04	33.1108	-8.02563
29.05	33.1108	-8.02566
29.06	33.1108	-8.02569
29.07	33.1107	-8.02571
29.08	33.1107	-8.02574
29.09	33.1107	-8.02577
29.1	33.1107	-8.0258
29.11	33.1107	-8.02582
29.12	33.1107	-8.02585
29.13	33.1107	-8.02587
29.14	33.1107	-8.0259
29.15	33.1107	-8.02592
29.16	33.1107	-8.02595
29.17	33.1107	-8.02597
29.18	33.1106	-8.02599
29.19	33.1106	-8.02602
29.2	33.1106	-8.02604
29.21	33.1106	-8.02606
29.22	33.1106	-8.02608
29.23	33.1106	-8.0261
29.24	33.1106	-8.02612
29.25	33.1106	-8.02614
29.26	33.1106	-8.02615
29.27	33.1106	-8.02617
29.28	33.1106	-8.02619
29.29	33.1106	-8.02621
29.3	33.1106	-8.02622
29.31	33.1106	-8.02624
29.32	33.1106	-8.02625
29.33	33.1105	-8.02626
29.34	33.1105	-8.02628
29.35	33.1105	-8.02629
29.36	33.1105	-8.0263
29.37	33.1105	-8.02631
29.38	33.1105	-8.02632
29.39	33.1105	-8.02633
29.4	33.1105	-8.02634
29.41	33.1105	-8.02635
29.42	33.1105	-8.02635
29.43	33.1105	-8.02636
29.44	33.1105	-8.02636
29.45	33.1105	-8.02637
29.46	33.1105	-8.02637
29.47	33.1105	-8.02638
29.48	33.1105	-8.02638
29.49	33.1105	-8.02638
29.5	33.1105	-8.02638
29.51	33.1105	-8.02638
29.52	33.1105	-8.02638
29.53	33.1105	-8.02638
29.54	33.1105	-8.02638
29.55	33.1105	-8.02637
29.56	33.1105	-8.02637
29.57	33.1105	-8.02637
29.58	33.1105	-8.02636
29.59	33.1105	-8.02635
29.6	33.1105	-8.02635
29.61	33.1105	-8.02634
29.62	33.1105	-8.02633
29.63	33.1105	-8.02632
29.64	33.1105	-8.02631
29.65	33.1105	-8.0263
29.66	33.1105	-8.02629
29.67	33.1105	-8.02628
29.68	33.1105	-8.02627
29.69	33.1105	-8.02625
29.7	33.1106	-8.02624
29.71	33.1106	-8.02623
29.72	33.1106	-8.02621
29.73	33.1106	-8.0262
29.74	33.1106	-8.02618
29.75	33.1106	-8.02616
29.76	33.1106	-8.02614
29.77	33.1106	-8.02613
29.78	33.1106	-8.02611
29.79	33.1106	-8.02609
29.8	33.1106	-8.02607
29.81	33.1106	-8.02605
29.82	33.1106	-8.02603
29.83	33.1106	-8.02601
29.84	33.1106	-8.02598
29.85	33.1107	-8.02596
29.86	33.1107	-8.02594
29.87	33.1107	-8.02592
29.88	33.1107	-8.02589
29.89	33.1107	-8.02587
29.9	33.1107	-8.02584
29.91	33.1107	-8.02582
29.92	33.1107	-8.02579
29.93	33.1107	-8.02577
29.94	33.1107	-8.02574
29.95	33.1107	-8.02572
29.96	33.1108	-8.02569
29.97	33.1108	-8.02566
29.98	33.1108	-8.02564
29.99	33.1108	-8.02561
30	33.1108	-8.02558
30.01	33.1108	-8.02555
30.02	33.1108	-8.02552
30.03	33.1108	-8.02549
30.04	33.1108	-8.02547
30.05	33.1108	-8.02544
30.06	33.1109	-8.02541
30.07	33.1109	-8.02538
30.08	33.1109	-8.02535
30.09	33.1109	-8.02532
30.1	33.1109	-8.02529
30.11	33.1109	-8.02526
30.12	33.1109	-8.02523
30.13	33.1109	-8.0252
30.14	33.1109	-8.02517
30.15	33.111	-8.02514
30.16	33.111	-8.02511
30.17	33.111	-8.02508
30.18	33.111	-8.02505
30.19	33.111	-8.02502
30.2	33.111	-8.02499
30.21	33.111	-8.02496
30.22	33.111	-8.02493
30.23	33.111	-8.0249
30.24	33.111	-8.02487
30.25	33.1111	-8.02484
30.26	33.1111	-8.02481
30.27	33.1111	-8.02478
30.28	33.1111	-8.02475
30.29	33.1111	-8.02472
30.3	33.1111	-8.02469
30.31	33.1111	-8.02466
30.32	33.1111	-8.02463
30.33	33.1111	-8.0246
30.34	33.1112	-8.02457
30.35	33.1112	-8.02454
30.36	33.1112	-8.02451
30.37	33.1112	-8.02448
30.38	33.1112	-8.02446
30.39	33.1112	-8.02443
30.4	33.1112	-8.0244
30.41	33.1112	-8.02437
30.42	33.1112	-8.02434
30.43	33.1112	-8.02431
30.44	33.1113	-8.02429
30.45	33.1113	-8.02426
30.46	33.1113	-8.02423
30.47	33.1113	-8.02421
30.48	33.1113	-8.02418
30.49	33.1113	-8.02415
30.5	33.1113	-8.02413
30.51	33.1113	-8.0241
30.52	33.1113	-8.02407
30.53	33.1113	-8.02405
30.54	33.1114	-8.02402
30.55	33.1114	-8.024
30.56	33.1114	-8.02397
30.57	33.1114	-8.02395
30.58	33.1114	-8.02393
30.59	33.1114	-8.0239
30.6	33.1114	-8.02388
30.61	33.1114	-8.02386
30.62	33.1114	-8.02383
30.63	33.1114	-8.02381
30.64	33.1114	-8.02379
30.65	33.1114	-8.02377
30.66	33.1115	-8.02375
30.67	33.1115	-8.02373
30.68	33.1115	-8.02371
30.69	33.1115	-8.02369
30.7	33.1115	-8.02367
30.71	33.1115	-8.02365
30.72	33.1115	-8.02363
30.73	33.1115	-8.02361
30.74	33.1115	-8.0236
30.75	33.1115	-8.02358
30.76	33.1115	-8.02356
30.77	33.1115	-8.02355
30.78	33.1115	-8.02353
30.79	33.1115	-8.02352
30.8	33.1115	-8.0235
30.81	33.1115	-8.02349
30.82	33.1115	-8.02347
30.83	33.1116	-8.02346
30.84	33.1116	-8.02345
30.85	33.1116	-8.02344
30.86	33.1116	-8.02343
30.87	33.1116	-8.02342
30.88	33.1116	-8.02341
30.89	33.1116	-8.0234
30.9	33.1116	-8.02339
30.91	33.1116	-8.02338
30.92	33.1116	-8.02337
30.93	33.1116	-8.02336
30.94	33.1116	-8.02336
30.95	33.1116	-8.02335
30.96	33.1116	-8.02335
30.97	33.1116	-8.02334
30.98	33.1116	-8.02334
30.99	33.1116	-8.02333
31	33.1116	-8.02333
31.01	33.1116	-8.02333
31.02	33.1116	-8.02333
31.03	33.1116	-8.02333
31.04	33.1116	-8.02333
31.05	33.1116	-8.02333
31.06	33.1116	-8.02333
31.07	33.1116	-8.02333
31.08	33.1116	-8.02333
31.09	33.1116	-8.02333
31.1	33.1116	-8.02334
31.11	33.1116	-8.02334
31.12	33.1116	-8.02335
31.13	33.1116	-8.02335
31.14	33.1116	-8.02336
31.15	33.1116	-8.02336
31.16	33.1116	-8.02337
31.17	33.1116	-8.02338
31.18	33.1116	-8.02339
31.19	33.1116	-8.0234
31.2	33.1116	-8.02341
31.21	33.1116	-8.02342
31.22	33.1116	-8.02343
31.23	33.1116	-8.02344
31.24	33.1116	-8.02345
31.25	33.1116	-8.02346
31.26	33.1116	-8.02347
31.27	33.1115	-8.02349
31.28	33.1115	-8.0235
31.29	33.1115	-8.02351
31.3	33.1115	-8.02353
31.31	33.1115	-8.02354
31.32	33.1115	-8.02356
31.33	33.1115	-8.02358
31.34	33.1115	-8.02359
31.35	33.1115	-8.02361
31.36	33.1115	-8.02363
31.37	33.1115	-8.02365
31.38	33.1115	-8.02366
31.39	33.1115	-8.02368
31.4	33.1115	-8.0237
31.41	33.1115	-8.02372
31.42	33.1115	-8.02374
31.43	33.1114	-8.02376
31.44	33.1114	-8.02378
31.45	33.1114	-8.0238
31.46	33.1114	-8.02382
31.47	33.1114	-8.02384
31.48	33.1114	-8.02386
31.49	33.1114	-8.02389
31.5	33.1114	-8.02391
31.51	33.1114	-8.02393
31.52	33.1114	-8.02395
31.53	33.1114	-8.02397
31.54	33.1114	-8.024
31.55	33.1114	-8.02402
31.56	33.1113	-8.02404
31.57	33.1113	-8.02407
31.58	33.1113	-8.02409
31.59	33.1113	-8.02411
31.6	33.1113	-8.02414
31.61	33.1113	-8.02416
31.62	33.1113	-8.02418
31.63	33.1113	-8.02421
31.64	33.1113	-8.02423
31.65	33.1113	-8.02426
31.66	33.1113	-8.02428
31.67	33.1113	-8.0243
31.68	33.1112	-8.02433
31.69	33.1112	-8.02435
31.7	33.1112	-8.02438
31.71	33.1112	-8.0244
31.72	33.1112	-8.02443
31.73	33.1112	-8.02445
31.74	33.1112	-8.02447
31.75	33.1112	-8.0245
31.76	33.1112	-8.02452
31.77	33.1112	-8.02455
31.78	33.1112	-8.02457
31.79	33.1111	-8.02459
31.8	33.1111	-8.02462
